I	J	K	  Dose  	 Tot.LETd 	 e- dose 	 e- LETd 	 p dose 	 p LETd 	 He dose 	 He LETd 	 Li dose 	 Li LETd 	 Be dose 	 Be LETd 	 B dose 	 B LETd 	 C dose 	 C LETd 	 N dose 	 N LETd 	 O dose 	 O LETd 	
0	0	0	5.578897e-04	1.352336e+01	2.883365e-02	4.382077e-01	1.501727e-02	7.560001e+00	1.450628e-02	1.541371e+02	2.495705e-03	2.443918e+02	1.328577e-03	2.663782e+02	2.331610e-03	9.136848e+01	9.351249e-01	1.043809e+01	8.471173e-05	1.810759e+03	5.416571e-05	1.288995e+03	
0	0	1	5.691374e-04	1.324601e+01	4.773040e-02	4.507395e-01	1.727492e-02	7.260430e+00	1.429383e-02	1.463863e+02	2.624115e-03	2.404430e+02	1.417288e-03	2.289080e+02	2.641507e-03	9.221767e+01	9.136092e-01	1.050213e+01	9.855046e-05	1.506430e+03	5.539038e-05	1.140807e+03	
0	0	2	5.713819e-04	1.314452e+01	5.171491e-02	4.525359e-01	1.858853e-02	7.221378e+00	1.496395e-02	1.392814e+02	2.648054e-03	2.100082e+02	1.546794e-03	1.981962e+02	2.979531e-03	7.419844e+01	9.071152e-01	1.054339e+01	1.109341e-04	1.512583e+03	6.456391e-05	1.298476e+03	
0	0	3	5.717202e-04	1.329212e+01	5.254907e-02	4.531119e-01	2.000602e-02	6.972350e+00	1.534491e-02	1.376407e+02	2.857922e-03	2.205271e+02	1.674370e-03	1.922021e+02	3.323530e-03	6.543029e+01	9.037374e-01	1.052752e+01	1.378964e-04	1.735351e+03	6.735834e-05	1.373930e+03	
0	0	4	5.712819e-04	1.318210e+01	5.250142e-02	4.536723e-01	2.098821e-02	6.370890e+00	1.597741e-02	1.349699e+02	2.934873e-03	1.925708e+02	1.806571e-03	1.705510e+02	3.662375e-03	5.765873e+01	9.016055e-01	1.053653e+01	1.345762e-04	1.227010e+03	6.835096e-05	1.577214e+03	
0	0	5	5.704918e-04	1.315737e+01	5.247073e-02	4.544038e-01	2.188742e-02	6.347659e+00	1.600141e-02	1.247583e+02	3.099205e-03	2.038503e+02	1.980484e-03	1.919303e+02	4.033874e-03	5.486078e+01	8.999797e-01	1.053427e+01	1.497500e-04	1.336333e+03	6.857824e-05	1.200810e+03	
0	0	6	5.702006e-04	1.317605e+01	5.235145e-02	4.544030e-01	2.314305e-02	6.279898e+00	1.661183e-02	1.232889e+02	3.115368e-03	1.824486e+02	2.075637e-03	1.484693e+02	4.391043e-03	4.771769e+01	8.977116e-01	1.060299e+01	1.802999e-04	1.449908e+03	7.262279e-05	1.191173e+03	
0	0	7	5.695260e-04	1.316537e+01	5.222287e-02	4.541687e-01	2.396535e-02	6.039290e+00	1.711551e-02	1.180042e+02	3.200637e-03	1.730595e+02	2.203762e-03	1.538086e+02	4.776885e-03	5.206927e+01	8.959028e-01	1.060604e+01	1.749565e-04	1.080178e+03	8.585509e-05	1.676108e+03	
0	0	8	5.690808e-04	1.320628e+01	5.213730e-02	4.543033e-01	2.485465e-02	5.882833e+00	1.771076e-02	1.185914e+02	3.356402e-03	1.646311e+02	2.371089e-03	1.711548e+02	5.112761e-03	3.969155e+01	8.938190e-01	1.059286e+01	1.949270e-04	1.156927e+03	7.340466e-05	1.089435e+03	
0	0	9	5.685004e-04	1.322669e+01	5.198425e-02	4.550117e-01	2.572673e-02	5.601651e+00	1.828058e-02	1.157225e+02	3.512294e-03	1.641985e+02	2.477688e-03	1.493254e+02	5.474872e-03	3.729621e+01	8.918606e-01	1.061395e+01	2.210239e-04	1.056141e+03	7.611458e-05	1.213668e+03	
0	0	10	5.680105e-04	1.323164e+01	5.186823e-02	4.551269e-01	2.665534e-02	5.727146e+00	1.888377e-02	1.144554e+02	3.644327e-03	1.680487e+02	2.582740e-03	1.148261e+02	5.802126e-03	4.284710e+01	8.898700e-01	1.063874e+01	2.120905e-04	8.287904e+02	8.144869e-05	1.135817e+03	
0	0	11	5.672798e-04	1.308686e+01	5.176157e-02	4.548714e-01	2.753038e-02	5.602888e+00	1.914982e-02	1.090369e+02	3.744108e-03	1.584322e+02	2.733578e-03	1.162257e+02	6.163494e-03	3.492944e+01	8.882086e-01	1.061842e+01	2.121343e-04	6.797834e+02	8.123852e-05	1.230517e+03	
0	0	12	5.666498e-04	1.328965e+01	5.167966e-02	4.561368e-01	2.823012e-02	5.438646e+00	1.960592e-02	1.053876e+02	3.905393e-03	1.522767e+02	2.871052e-03	1.396490e+02	6.519357e-03	3.577309e+01	8.864331e-01	1.071775e+01	2.495532e-04	9.192662e+02	8.109526e-05	1.064563e+03	
0	0	13	5.662450e-04	1.331236e+01	5.161203e-02	4.568437e-01	2.901838e-02	5.218691e+00	2.032437e-02	1.050918e+02	4.000229e-03	1.468218e+02	2.965617e-03	1.099675e+02	6.852024e-03	3.862016e+01	8.844286e-01	1.066769e+01	2.604847e-04	9.464064e+02	1.004261e-04	1.409609e+03	
0	0	14	5.655148e-04	1.332527e+01	5.147628e-02	4.562422e-01	2.969595e-02	5.212937e+00	2.077509e-02	1.022641e+02	4.145141e-03	1.427775e+02	3.088907e-03	1.081737e+02	7.207247e-03	3.625544e+01	8.828273e-01	1.073593e+01	2.679415e-04	9.626188e+02	7.855152e-05	1.253622e+03	
0	0	15	5.648375e-04	1.341113e+01	5.132392e-02	4.555021e-01	3.032119e-02	5.173395e+00	2.133115e-02	1.023660e+02	4.240767e-03	1.398511e+02	3.244705e-03	1.201256e+02	7.553757e-03	3.704772e+01	8.811945e-01	1.076250e+01	2.639513e-04	7.694936e+02	8.688151e-05	1.118179e+03	
0	0	16	5.640602e-04	1.330960e+01	5.123258e-02	4.568368e-01	3.087013e-02	5.043601e+00	2.181566e-02	9.607645e+01	4.368088e-03	1.305286e+02	3.339607e-03	1.023626e+02	7.919628e-03	3.889044e+01	8.796173e-01	1.072039e+01	2.951504e-04	9.294556e+02	8.971478e-05	1.220432e+03	
0	0	17	5.635005e-04	1.361210e+01	5.106866e-02	4.578142e-01	3.172868e-02	5.050219e+00	2.231936e-02	9.682667e+01	4.506481e-03	1.367783e+02	3.474718e-03	1.066463e+02	8.245765e-03	3.163981e+01	8.777976e-01	1.093031e+01	2.939631e-04	8.093497e+02	1.064187e-04	1.752078e+03	
0	0	18	5.625649e-04	1.344602e+01	5.097128e-02	4.573053e-01	3.212502e-02	4.846350e+00	2.259928e-02	9.308729e+01	4.700244e-03	1.357069e+02	3.620630e-03	1.034308e+02	8.600709e-03	3.431025e+01	8.765157e-01	1.083141e+01	3.154917e-04	8.287618e+02	9.076794e-05	1.071362e+03	
0	0	19	5.620249e-04	1.343744e+01	5.092682e-02	4.559894e-01	3.298824e-02	4.988084e+00	2.316833e-02	9.299311e+01	4.770081e-03	1.316324e+02	3.737009e-03	9.729657e+01	8.900720e-03	2.784723e+01	8.746183e-01	1.085075e+01	3.229338e-04	8.019628e+02	9.210809e-05	1.147766e+03	
0	0	20	5.612719e-04	1.353339e+01	5.072560e-02	4.577729e-01	3.359168e-02	4.885443e+00	2.369283e-02	9.128386e+01	4.888030e-03	1.277795e+02	3.873701e-03	9.676570e+01	9.220311e-03	2.836178e+01	8.730866e-01	1.087931e+01	3.324701e-04	9.159346e+02	1.011635e-04	1.174631e+03	
0	0	21	5.605489e-04	1.335527e+01	5.066175e-02	4.567321e-01	3.411788e-02	4.791566e+00	2.407356e-02	8.725083e+01	5.058263e-03	1.289818e+02	3.980509e-03	8.711946e+01	9.573268e-03	3.298195e+01	8.716104e-01	1.080151e+01	3.326893e-04	6.549281e+02	9.801334e-05	1.224576e+03	
0	0	22	5.602215e-04	1.367338e+01	5.060203e-02	4.583576e-01	3.492000e-02	4.720060e+00	2.476853e-02	8.875809e+01	5.202761e-03	1.306611e+02	4.100045e-03	8.792002e+01	9.890053e-03	3.211728e+01	8.695569e-01	1.091804e+01	3.568990e-04	8.499478e+02	9.963145e-05	1.302240e+03	
0	0	23	5.596093e-04	1.361450e+01	5.050234e-02	4.577231e-01	3.556080e-02	4.695306e+00	2.538978e-02	8.805334e+01	5.274644e-03	1.247841e+02	4.201080e-03	7.607439e+01	1.022825e-02	2.958753e+01	8.678502e-01	1.087571e+01	3.871472e-04	7.878513e+02	1.002526e-04	1.627262e+03	
0	0	24	5.586445e-04	1.358329e+01	5.038025e-02	4.564023e-01	3.602695e-02	4.701007e+00	2.585342e-02	8.401199e+01	5.379873e-03	1.157584e+02	4.354152e-03	8.605431e+01	1.055226e-02	2.872618e+01	8.664599e-01	1.091737e+01	3.931579e-04	8.154986e+02	1.028217e-04	1.311385e+03	
0	0	25	5.580815e-04	1.368234e+01	5.024407e-02	4.561508e-01	3.669620e-02	4.608132e+00	2.635958e-02	8.655033e+01	5.471808e-03	1.177398e+02	4.483674e-03	8.797113e+01	1.089048e-02	3.246316e+01	8.648504e-01	1.094428e+01	3.823217e-04	5.797201e+02	1.122874e-04	1.152846e+03	
0	0	26	5.572133e-04	1.366386e+01	5.009794e-02	4.579061e-01	3.713763e-02	4.628549e+00	2.673973e-02	8.087313e+01	5.660900e-03	1.134628e+02	4.602101e-03	8.022625e+01	1.123527e-02	3.095369e+01	8.634734e-01	1.100494e+01	4.277570e-04	7.219782e+02	1.103824e-04	1.207678e+03	
0	0	27	5.563796e-04	1.368615e+01	5.002518e-02	4.593376e-01	3.757943e-02	4.573883e+00	2.710880e-02	7.999399e+01	5.762642e-03	1.126032e+02	4.736674e-03	8.215417e+01	1.154604e-02	2.587362e+01	8.621742e-01	1.111364e+01	4.256009e-04	6.373270e+02	1.133511e-04	1.165456e+03	
0	0	28	5.557497e-04	1.357820e+01	4.994805e-02	4.588703e-01	3.817950e-02	4.523183e+00	2.775833e-02	7.951794e+01	5.826642e-03	1.106962e+02	4.858642e-03	8.773214e+01	1.189320e-02	2.432164e+01	8.604477e-01	1.093218e+01	4.440533e-04	6.406145e+02	1.039536e-04	1.165692e+03	
0	0	29	5.551129e-04	1.385105e+01	4.984795e-02	4.584291e-01	3.867604e-02	4.417430e+00	2.825037e-02	8.020457e+01	5.938688e-03	1.083718e+02	5.002622e-03	9.298876e+01	1.225764e-02	2.647599e+01	8.589059e-01	1.106157e+01	4.652830e-04	6.759484e+02	1.201728e-04	1.175364e+03	
0	0	30	5.543858e-04	1.372953e+01	4.968979e-02	4.598327e-01	3.914191e-02	4.299015e+00	2.887137e-02	7.876594e+01	6.130107e-03	1.109446e+02	5.102435e-03	8.656215e+01	1.258899e-02	2.219413e+01	8.573741e-01	1.105985e+01	4.478434e-04	5.637809e+02	1.103126e-04	1.156964e+03	
0	0	31	5.536450e-04	1.374392e+01	4.962196e-02	4.592195e-01	3.976279e-02	4.365337e+00	2.921785e-02	7.717870e+01	6.188638e-03	1.035313e+02	5.214046e-03	7.903859e+01	1.293624e-02	2.455320e+01	8.559157e-01	1.106852e+01	4.788502e-04	6.508622e+02	1.129881e-04	1.200719e+03	
0	0	32	5.528447e-04	1.365175e+01	4.950976e-02	4.581961e-01	4.019516e-02	4.300379e+00	2.967252e-02	7.570576e+01	6.376163e-03	1.106119e+02	5.300639e-03	6.368853e+01	1.322933e-02	2.264872e+01	8.545826e-01	1.108485e+01	4.774836e-04	6.282307e+02	1.041034e-04	8.949830e+02	
0	0	33	5.523646e-04	1.377643e+01	4.934506e-02	4.591064e-01	4.090799e-02	4.363340e+00	3.029968e-02	7.525003e+01	6.438082e-03	9.979654e+01	5.448575e-03	7.258620e+01	1.355012e-02	2.434532e+01	8.528720e-01	1.115123e+01	4.896737e-04	6.150633e+02	1.086963e-04	1.056672e+03	
0	0	34	5.516229e-04	1.369930e+01	4.931913e-02	4.594913e-01	4.147734e-02	4.387356e+00	3.054856e-02	7.167459e+01	6.563248e-03	9.946560e+01	5.570253e-03	7.461940e+01	1.386338e-02	2.310325e+01	8.515112e-01	1.117591e+01	4.844221e-04	5.214137e+02	1.122063e-04	1.298753e+03	
0	0	35	5.509218e-04	1.389868e+01	4.914234e-02	4.597516e-01	4.179799e-02	4.197656e+00	3.123209e-02	7.339369e+01	6.725072e-03	1.010705e+02	5.702189e-03	7.453260e+01	1.413509e-02	2.170278e+01	8.500871e-01	1.122790e+01	5.041721e-04	5.339300e+02	1.273208e-04	1.421833e+03	
0	0	36	5.500787e-04	1.371444e+01	4.907326e-02	4.614512e-01	4.222767e-02	4.236435e+00	3.156655e-02	7.154319e+01	6.791474e-03	9.597771e+01	5.814041e-03	6.671823e+01	1.447121e-02	2.547762e+01	8.488526e-01	1.101779e+01	5.407790e-04	6.075182e+02	1.199496e-04	1.335186e+03	
0	0	37	5.491993e-04	1.401643e+01	4.892294e-02	4.595218e-01	4.262583e-02	4.105710e+00	3.201743e-02	7.124669e+01	6.884834e-03	9.230860e+01	5.960315e-03	7.313521e+01	1.479806e-02	2.862212e+01	8.475821e-01	1.125161e+01	5.428711e-04	5.293154e+02	1.209803e-04	1.466671e+03	
0	0	38	5.487096e-04	1.384720e+01	4.879600e-02	4.583422e-01	4.333675e-02	4.209146e+00	3.257434e-02	7.039763e+01	7.051109e-03	9.581889e+01	6.066367e-03	7.397671e+01	1.505185e-02	2.133206e+01	8.459012e-01	1.115934e+01	5.470140e-04	5.556819e+02	1.271628e-04	1.232510e+03	
0	0	39	5.479905e-04	1.398083e+01	4.872245e-02	4.595377e-01	4.368829e-02	4.074966e+00	3.304085e-02	6.958889e+01	7.208256e-03	9.763120e+01	6.177852e-03	6.683639e+01	1.537030e-02	2.479216e+01	8.445429e-01	1.125108e+01	5.763810e-04	6.140651e+02	1.159153e-04	1.059895e+03	
0	0	40	5.471529e-04	1.380427e+01	4.855593e-02	4.602094e-01	4.422148e-02	4.163689e+00	3.336783e-02	6.699205e+01	7.241614e-03	8.836765e+01	6.291798e-03	6.350921e+01	1.568392e-02	2.493856e+01	8.433661e-01	1.124235e+01	5.720937e-04	4.709825e+02	1.286632e-04	1.379189e+03	
0	0	41	5.464400e-04	1.392016e+01	4.850119e-02	4.588524e-01	4.465048e-02	4.161886e+00	3.386575e-02	6.697692e+01	7.291006e-03	8.213260e+01	6.437472e-03	6.887186e+01	1.598477e-02	2.733778e+01	8.420030e-01	1.129433e+01	5.901957e-04	5.526862e+02	1.120621e-04	1.113172e+03	
0	0	42	5.457866e-04	1.402885e+01	4.843779e-02	4.621554e-01	4.494075e-02	4.040019e+00	3.445339e-02	6.701151e+01	7.512452e-03	8.910394e+01	6.561708e-03	7.219208e+01	1.627912e-02	2.445442e+01	8.405062e-01	1.125696e+01	6.138668e-04	5.639312e+02	1.271965e-04	1.280349e+03	
0	0	43	5.448767e-04	1.386414e+01	4.829715e-02	4.603436e-01	4.512857e-02	4.007719e+00	3.505255e-02	6.738482e+01	7.561198e-03	8.258631e+01	6.621806e-03	5.094699e+01	1.657480e-02	2.176068e+01	8.394394e-01	1.120269e+01	6.314697e-04	6.033639e+02	1.307840e-04	1.460162e+03	
0	0	44	5.441048e-04	1.393862e+01	4.818191e-02	4.597303e-01	4.556510e-02	3.995260e+00	3.547388e-02	6.644497e+01	7.650068e-03	8.411942e+01	6.791018e-03	6.820508e+01	1.683765e-02	1.944535e+01	8.381762e-01	1.132280e+01	6.260243e-04	4.839931e+02	1.251887e-04	1.097691e+03	
0	0	45	5.435904e-04	1.404126e+01	4.809582e-02	4.599542e-01	4.607882e-02	4.030603e+00	3.600643e-02	6.556146e+01	7.822955e-03	8.541430e+01	6.909349e-03	6.713001e+01	1.714466e-02	2.028675e+01	8.366098e-01	1.135879e+01	6.390239e-04	4.959585e+02	1.253388e-04	1.291903e+03	
0	0	46	5.426570e-04	1.417293e+01	4.793559e-02	4.605099e-01	4.642440e-02	3.845381e+00	3.622720e-02	6.271101e+01	7.926943e-03	8.857688e+01	7.056808e-03	7.264528e+01	1.749624e-02	2.779259e+01	8.355714e-01	1.135989e+01	6.626994e-04	5.343014e+02	1.278799e-04	1.194504e+03	
0	0	47	5.421543e-04	1.413394e+01	4.790852e-02	4.606974e-01	4.690888e-02	3.908364e+00	3.684129e-02	6.385198e+01	8.058148e-03	8.631897e+01	7.143055e-03	6.231433e+01	1.775068e-02	2.011681e+01	8.340060e-01	1.143090e+01	6.778224e-04	5.930674e+02	1.296000e-04	1.055136e+03	
0	0	48	5.411947e-04	1.391975e+01	4.779775e-02	4.605687e-01	4.713600e-02	3.882899e+00	3.718599e-02	6.203009e+01	8.129956e-03	7.865626e+01	7.215088e-03	5.083406e+01	1.808227e-02	2.263946e+01	8.330828e-01	1.142457e+01	6.573763e-04	4.374809e+02	1.395483e-04	1.294640e+03	
0	0	49	5.403527e-04	1.393414e+01	4.771634e-02	4.605060e-01	4.748798e-02	3.993423e+00	3.736159e-02	5.820118e+01	8.216647e-03	7.813690e+01	7.373115e-03	6.197273e+01	1.842570e-02	2.226194e+01	8.320282e-01	1.142115e+01	6.851463e-04	5.162235e+02	1.348828e-04	1.325185e+03	
0	0	50	5.399340e-04	1.411273e+01	4.752942e-02	4.628431e-01	4.801903e-02	3.952857e+00	3.809386e-02	6.023510e+01	8.337576e-03	8.343553e+01	7.504110e-03	6.688036e+01	1.872129e-02	2.201822e+01	8.303955e-01	1.142001e+01	6.960004e-04	5.003893e+02	1.342083e-04	1.192650e+03	
0	0	51	5.390385e-04	1.401150e+01	4.748161e-02	4.606037e-01	4.814879e-02	3.777997e+00	3.850402e-02	5.877424e+01	8.477171e-03	8.396128e+01	7.599639e-03	6.067300e+01	1.904303e-02	1.967121e+01	8.293195e-01	1.143272e+01	7.001563e-04	4.818568e+02	1.386255e-04	1.275398e+03	
0	0	52	5.384946e-04	1.425917e+01	4.735506e-02	4.595153e-01	4.870771e-02	3.885719e+00	3.898644e-02	5.910732e+01	8.607663e-03	8.099608e+01	7.717767e-03	6.115584e+01	1.940368e-02	2.288794e+01	8.277929e-01	1.157896e+01	7.120685e-04	5.367079e+02	1.401750e-04	1.142989e+03	
0	0	53	5.376492e-04	1.408359e+01	4.723317e-02	4.618663e-01	4.908820e-02	3.906512e+00	3.945845e-02	5.762894e+01	8.728741e-03	7.823811e+01	7.828242e-03	5.872115e+01	1.971343e-02	2.032175e+01	8.265500e-01	1.150099e+01	7.119583e-04	5.779879e+02	1.275680e-04	1.038561e+03	
0	0	54	5.370678e-04	1.409986e+01	4.713408e-02	4.618970e-01	4.926907e-02	3.777093e+00	4.002517e-02	5.750399e+01	8.818762e-03	7.693627e+01	7.944191e-03	5.329775e+01	2.002229e-02	2.093994e+01	8.253596e-01	1.155945e+01	7.155303e-04	5.046935e+02	1.413002e-04	1.171642e+03	
0	0	55	5.363302e-04	1.423728e+01	4.698565e-02	4.627740e-01	4.965564e-02	3.772686e+00	4.044725e-02	5.795629e+01	8.957920e-03	8.194757e+01	8.059144e-03	5.611629e+01	2.033287e-02	2.159707e+01	8.241376e-01	1.157768e+01	7.120223e-04	4.756342e+02	1.401377e-04	1.264511e+03	
0	0	56	5.356084e-04	1.416546e+01	4.696959e-02	4.631204e-01	5.012903e-02	3.866004e+00	4.079236e-02	5.596115e+01	9.013656e-03	7.353471e+01	8.176632e-03	5.649351e+01	2.061140e-02	2.041952e+01	8.228732e-01	1.167204e+01	7.283315e-04	5.132957e+02	1.321127e-04	1.038607e+03	
0	0	57	5.350862e-04	1.427351e+01	4.690820e-02	4.618917e-01	5.036404e-02	3.712453e+00	4.150970e-02	5.689402e+01	9.143991e-03	7.758246e+01	8.322041e-03	6.291288e+01	2.092152e-02	2.050106e+01	8.213947e-01	1.160417e+01	7.299552e-04	4.747606e+02	1.331210e-04	1.222094e+03	
0	0	58	5.344275e-04	1.405614e+01	4.672133e-02	4.616713e-01	5.080892e-02	3.788882e+00	4.199895e-02	5.580002e+01	9.278064e-03	7.934127e+01	8.402236e-03	4.799404e+01	2.120407e-02	1.950378e+01	8.201534e-01	1.160382e+01	7.441084e-04	4.172348e+02	1.277082e-04	9.207876e+02	
0	0	59	5.336834e-04	1.419332e+01	4.657716e-02	4.621274e-01	5.128669e-02	3.787910e+00	4.227170e-02	5.523134e+01	9.338464e-03	7.047229e+01	8.548741e-03	5.552567e+01	2.148732e-02	1.842010e+01	8.190187e-01	1.166332e+01	7.606384e-04	4.843814e+02	1.448788e-04	1.317108e+03	
0	0	60	5.329892e-04	1.423768e+01	4.645549e-02	4.622029e-01	5.147312e-02	3.751864e+00	4.290762e-02	5.506514e+01	9.423280e-03	6.800376e+01	8.635561e-03	5.140904e+01	2.178540e-02	2.029960e+01	8.178393e-01	1.175499e+01	7.745916e-04	4.761951e+02	1.337865e-04	1.081973e+03	
0	0	61	5.320997e-04	1.439200e+01	4.629639e-02	4.614902e-01	5.162512e-02	3.710552e+00	4.322370e-02	5.531365e+01	9.508702e-03	6.765758e+01	8.777006e-03	5.183349e+01	2.211308e-02	2.121174e+01	8.169397e-01	1.175428e+01	8.042171e-04	5.552384e+02	1.420516e-04	1.182732e+03	
0	0	62	5.316243e-04	1.438613e+01	4.619725e-02	4.642214e-01	5.205185e-02	3.708656e+00	4.370016e-02	5.416352e+01	9.771230e-03	7.469824e+01	8.891930e-03	5.419505e+01	2.239081e-02	2.109476e+01	8.154937e-01	1.170643e+01	7.900116e-04	4.924363e+02	1.444936e-04	1.259504e+03	
0	0	63	5.311757e-04	1.444532e+01	4.617521e-02	4.639031e-01	5.239633e-02	3.704496e+00	4.440703e-02	5.597417e+01	9.794398e-03	7.027913e+01	8.974050e-03	4.974455e+01	2.266212e-02	1.929662e+01	8.140417e-01	1.171243e+01	8.282025e-04	5.363761e+02	1.443395e-04	1.334311e+03	
0	0	64	5.300582e-04	1.446706e+01	4.600181e-02	4.627146e-01	5.249043e-02	3.636116e+00	4.460691e-02	5.437065e+01	9.934812e-03	7.346908e+01	9.123378e-03	5.321902e+01	2.300339e-02	2.231087e+01	8.132904e-01	1.168405e+01	8.398672e-04	4.942703e+02	1.444945e-04	1.263385e+03	
0	0	65	5.295128e-04	1.445231e+01	4.595453e-02	4.634592e-01	5.293864e-02	3.633340e+00	4.499633e-02	5.246847e+01	1.002798e-02	7.097146e+01	9.253123e-03	5.545090e+01	2.327534e-02	2.025403e+01	8.120141e-01	1.188005e+01	8.403164e-04	4.386703e+02	1.366141e-04	1.180856e+03	
0	0	66	5.288669e-04	1.438384e+01	4.586041e-02	4.628149e-01	5.323439e-02	3.658034e+00	4.546702e-02	5.337944e+01	1.016908e-02	7.009532e+01	9.341631e-03	5.005066e+01	2.354435e-02	1.953899e+01	8.108249e-01	1.182697e+01	8.495957e-04	4.151517e+02	1.405722e-04	1.119803e+03	
0	0	67	5.281308e-04	1.453354e+01	4.570199e-02	4.633349e-01	5.360448e-02	3.658269e+00	4.591412e-02	5.218018e+01	1.018999e-02	6.948157e+01	9.464832e-03	5.252070e+01	2.383267e-02	2.138779e+01	8.097058e-01	1.184018e+01	8.730465e-04	4.953100e+02	1.440328e-04	1.286794e+03	
0	0	68	5.275460e-04	1.449224e+01	4.561951e-02	4.614342e-01	5.398402e-02	3.578774e+00	4.642240e-02	5.225066e+01	1.031429e-02	6.758617e+01	9.586558e-03	5.460055e+01	2.411188e-02	2.072437e+01	8.083646e-01	1.182893e+01	8.767422e-04	4.515569e+02	1.504854e-04	1.127639e+03	
0	0	69	5.269028e-04	1.445448e+01	4.543705e-02	4.642483e-01	5.429031e-02	3.576420e+00	4.695073e-02	5.231296e+01	1.053036e-02	7.138036e+01	9.649381e-03	4.664020e+01	2.443854e-02	2.193930e+01	8.071235e-01	1.179563e+01	8.751421e-04	4.188679e+02	1.425713e-04	1.006576e+03	
0	0	70	5.261303e-04	1.464022e+01	4.534881e-02	4.670242e-01	5.452412e-02	3.570065e+00	4.727778e-02	5.053698e+01	1.057628e-02	7.003459e+01	9.810765e-03	5.486228e+01	2.475143e-02	2.065167e+01	8.061048e-01	1.198884e+01	8.912180e-04	4.344841e+02	1.473181e-04	1.286767e+03	
0	0	71	5.255148e-04	1.473479e+01	4.523520e-02	4.645957e-01	5.494238e-02	3.574871e+00	4.774195e-02	5.107803e+01	1.064853e-02	6.837966e+01	9.884176e-03	4.557986e+01	2.504257e-02	2.182735e+01	8.048698e-01	1.204076e+01	9.136997e-04	5.124193e+02	1.470526e-04	1.279825e+03	
0	0	72	5.248005e-04	1.457029e+01	4.521155e-02	4.644534e-01	5.522564e-02	3.527388e+00	4.815108e-02	5.070348e+01	1.070087e-02	6.452363e+01	1.001549e-02	5.119266e+01	2.533604e-02	2.103496e+01	8.037103e-01	1.189483e+01	9.272261e-04	4.627331e+02	1.514169e-04	1.233564e+03	
0	0	73	5.241696e-04	1.451624e+01	4.507060e-02	4.663938e-01	5.548938e-02	3.589010e+00	4.880186e-02	5.099197e+01	1.073385e-02	5.994596e+01	1.011648e-02	4.565086e+01	2.559374e-02	1.821494e+01	8.025460e-01	1.196849e+01	9.384443e-04	5.011481e+02	1.480272e-04	9.721436e+02	
0	0	74	5.233483e-04	1.446636e+01	4.495861e-02	4.643114e-01	5.579304e-02	3.608026e+00	4.884151e-02	4.798589e+01	1.087834e-02	6.286016e+01	1.025133e-02	5.233281e+01	2.587723e-02	1.772500e+01	8.017213e-01	1.190057e+01	9.636447e-04	5.275618e+02	1.594626e-04	1.065470e+03	
0	0	75	5.227810e-04	1.434849e+01	4.486987e-02	4.649150e-01	5.607231e-02	3.560875e+00	4.945768e-02	4.848020e+01	1.094886e-02	6.007249e+01	1.035612e-02	4.598907e+01	2.616829e-02	1.801031e+01	8.004724e-01	1.191137e+01	9.441654e-04	4.376456e+02	1.513107e-04	1.131104e+03	
0	0	76	5.223019e-04	1.458612e+01	4.467254e-02	4.660890e-01	5.642746e-02	3.544549e+00	5.006450e-02	4.882394e+01	1.114576e-02	6.234239e+01	1.046686e-02	4.991889e+01	2.638027e-02	1.556274e+01	7.991767e-01	1.213321e+01	9.559760e-04	4.095289e+02	1.495635e-04	1.305315e+03	
0	0	77	5.215889e-04	1.465329e+01	4.458156e-02	4.644240e-01	5.664877e-02	3.559668e+00	5.049633e-02	4.794467e+01	1.128509e-02	6.545468e+01	1.059797e-02	4.887725e+01	2.667268e-02	1.837290e+01	7.980538e-01	1.215081e+01	9.713237e-04	4.457247e+02	1.427100e-04	9.292134e+02	
0	0	78	5.208713e-04	1.468928e+01	4.444011e-02	4.664965e-01	5.693854e-02	3.539069e+00	5.082409e-02	4.774761e+01	1.135445e-02	6.275748e+01	1.071808e-02	4.996993e+01	2.691284e-02	1.872405e+01	7.970968e-01	1.209710e+01	9.855967e-04	4.268932e+02	1.650330e-04	1.321788e+03	
0	0	79	5.200898e-04	1.450599e+01	4.433810e-02	4.651552e-01	5.700467e-02	3.466057e+00	5.112571e-02	4.576110e+01	1.146838e-02	6.373658e+01	1.082567e-02	4.957937e+01	2.722699e-02	1.805282e+01	7.963207e-01	1.211066e+01	9.951072e-04	3.880866e+02	1.488296e-04	1.033810e+03	
0	0	80	5.196852e-04	1.441254e+01	4.423057e-02	4.656188e-01	5.741901e-02	3.419760e+00	5.182665e-02	4.758427e+01	1.156695e-02	5.728016e+01	1.090715e-02	4.346468e+01	2.749066e-02	1.801692e+01	7.948466e-01	1.195821e+01	1.015732e-03	4.244940e+02	1.537783e-04	1.033716e+03	
0	0	81	5.189675e-04	1.464806e+01	4.411819e-02	4.674098e-01	5.753665e-02	3.373240e+00	5.220316e-02	4.687431e+01	1.166382e-02	5.670959e+01	1.100466e-02	4.059411e+01	2.778079e-02	1.878823e+01	7.939472e-01	1.215502e+01	1.033067e-03	4.684085e+02	1.643281e-04	1.254803e+03	
0	0	82	5.183637e-04	1.465215e+01	4.401472e-02	4.666053e-01	5.794390e-02	3.433922e+00	5.241597e-02	4.479023e+01	1.177145e-02	5.801613e+01	1.116333e-02	4.725530e+01	2.809044e-02	1.946174e+01	7.928524e-01	1.226213e+01	1.040417e-03	4.028399e+02	1.591494e-04	1.164926e+03	
0	0	83	5.179307e-04	1.487116e+01	4.377830e-02	4.661178e-01	5.850034e-02	3.475146e+00	5.301253e-02	4.677182e+01	1.196234e-02	6.323723e+01	1.127444e-02	4.586688e+01	2.831311e-02	1.977142e+01	7.914071e-01	1.223699e+01	1.051813e-03	4.374904e+02	1.587009e-04	1.193309e+03	
0	0	84	5.171160e-04	1.468247e+01	4.374404e-02	4.651867e-01	5.856352e-02	3.415139e+00	5.321488e-02	4.435104e+01	1.199679e-02	5.722435e+01	1.143394e-02	4.788894e+01	2.855702e-02	1.808270e+01	7.907222e-01	1.226286e+01	1.069378e-03	4.127302e+02	1.629775e-04	1.305738e+03	
0	0	85	5.165303e-04	1.483048e+01	4.368297e-02	4.685595e-01	5.870455e-02	3.379120e+00	5.374998e-02	4.472725e+01	1.208819e-02	6.312673e+01	1.152010e-02	4.448139e+01	2.884538e-02	1.968804e+01	7.896377e-01	1.230119e+01	1.080015e-03	4.600027e+02	1.418602e-04	9.738230e+02	
0	0	86	5.160136e-04	1.485079e+01	4.348218e-02	4.663922e-01	5.901795e-02	3.416400e+00	5.435969e-02	4.510673e+01	1.214116e-02	5.790715e+01	1.161343e-02	4.233033e+01	2.910992e-02	1.916695e+01	7.884630e-01	1.231752e+01	1.116454e-03	5.008108e+02	1.563244e-04	9.764176e+02	
0	0	87	5.156044e-04	1.508241e+01	4.332218e-02	4.663534e-01	5.946453e-02	3.358837e+00	5.485251e-02	4.573749e+01	1.227256e-02	6.157823e+01	1.178101e-02	4.926157e+01	2.938452e-02	1.975913e+01	7.871247e-01	1.243269e+01	1.089755e-03	3.820717e+02	1.736279e-04	1.336041e+03	
0	0	88	5.148952e-04	1.478693e+01	4.329665e-02	4.654523e-01	5.984399e-02	3.419262e+00	5.505841e-02	4.410423e+01	1.235263e-02	5.922705e+01	1.185256e-02	4.336685e+01	2.965152e-02	1.802667e+01	7.861270e-01	1.230890e+01	1.119480e-03	4.446079e+02	1.635247e-04	1.076211e+03	
0	0	89	5.141840e-04	1.477484e+01	4.318323e-02	4.659754e-01	5.991926e-02	3.470103e+00	5.545935e-02	4.331769e+01	1.251218e-02	5.733204e+01	1.194987e-02	3.970114e+01	2.992201e-02	1.805533e+01	7.852159e-01	1.232941e+01	1.142977e-03	4.378044e+02	1.720120e-04	1.326302e+03	
0	0	90	5.136733e-04	1.482307e+01	4.303560e-02	4.680254e-01	5.996678e-02	3.414027e+00	5.618563e-02	4.454719e+01	1.256258e-02	5.373897e+01	1.210767e-02	4.384830e+01	3.019577e-02	1.630946e+01	7.841358e-01	1.242413e+01	1.122834e-03	3.995018e+02	1.677838e-04	1.220781e+03	
0	0	91	5.131487e-04	1.515519e+01	4.288107e-02	4.670285e-01	6.029070e-02	3.405125e+00	5.663661e-02	4.517296e+01	1.277812e-02	5.965274e+01	1.220437e-02	4.470611e+01	3.048526e-02	2.042555e+01	7.829050e-01	1.245184e+01	1.134234e-03	4.029739e+02	1.693912e-04	1.371442e+03	
0	0	92	5.125006e-04	1.506465e+01	4.276356e-02	4.698232e-01	6.066201e-02	3.299491e+00	5.671658e-02	4.358072e+01	1.287103e-02	6.113682e+01	1.232753e-02	4.458964e+01	3.074707e-02	1.885783e+01	7.820588e-01	1.245262e+01	1.162107e-03	3.922386e+02	1.789746e-04	1.363283e+03	
0	0	93	5.118695e-04	1.489936e+01	4.254427e-02	4.694055e-01	6.086265e-02	3.344075e+00	5.728708e-02	4.334741e+01	1.296186e-02	5.884983e+01	1.244689e-02	4.361195e+01	3.101735e-02	1.799077e+01	7.810341e-01	1.236481e+01	1.167132e-03	4.170487e+02	1.692489e-04	1.066796e+03	
0	0	94	5.112281e-04	1.485405e+01	4.250516e-02	4.685024e-01	6.107077e-02	3.394089e+00	5.764225e-02	4.251567e+01	1.299281e-02	5.633494e+01	1.255359e-02	4.452062e+01	3.129017e-02	1.660279e+01	7.800958e-01	1.249177e+01	1.173018e-03	3.563441e+02	1.717136e-04	1.164305e+03	
0	0	95	5.107306e-04	1.490674e+01	4.239962e-02	4.683402e-01	6.142422e-02	3.294445e+00	5.814754e-02	4.211180e+01	1.312924e-02	5.764293e+01	1.265735e-02	3.988062e+01	3.155602e-02	1.867191e+01	7.788210e-01	1.252433e+01	1.187782e-03	3.591866e+02	1.736427e-04	1.153513e+03	
0	0	96	5.101689e-04	1.497874e+01	4.227912e-02	4.694597e-01	6.166766e-02	3.365475e+00	5.848923e-02	4.235428e+01	1.324817e-02	5.606505e+01	1.276478e-02	3.877145e+01	3.184010e-02	1.908297e+01	7.778217e-01	1.258338e+01	1.210430e-03	3.821905e+02	1.627853e-04	1.073536e+03	
0	0	97	5.095551e-04	1.489855e+01	4.215227e-02	4.696803e-01	6.184896e-02	3.308947e+00	5.892928e-02	4.145766e+01	1.330905e-02	5.466132e+01	1.282808e-02	3.335245e+01	3.208336e-02	1.890382e+01	7.769579e-01	1.262045e+01	1.211471e-03	3.761431e+02	1.713163e-04	1.167646e+03	
0	0	98	5.091322e-04	1.502923e+01	4.197558e-02	4.690822e-01	6.228471e-02	3.354048e+00	5.933920e-02	4.098814e+01	1.340670e-02	5.657340e+01	1.297358e-02	3.904898e+01	3.231151e-02	1.937945e+01	7.757992e-01	1.256091e+01	1.239441e-03	4.432206e+02	1.727407e-04	1.052959e+03	
0	0	99	5.084042e-04	1.508449e+01	4.187291e-02	4.695607e-01	6.219457e-02	3.279864e+00	5.987580e-02	4.253020e+01	1.350160e-02	5.425504e+01	1.312605e-02	4.298752e+01	3.256813e-02	1.868172e+01	7.749662e-01	1.258004e+01	1.229729e-03	3.978590e+02	1.660438e-04	9.772609e+02	
0	0	100	5.078367e-04	1.507032e+01	4.171770e-02	4.697138e-01	6.254098e-02	3.294608e+00	6.022555e-02	4.094122e+01	1.356548e-02	5.411136e+01	1.321762e-02	4.188657e+01	3.281284e-02	1.895156e+01	7.740024e-01	1.263086e+01	1.244225e-03	3.785217e+02	1.697750e-04	1.302642e+03	
0	0	101	5.074842e-04	1.512624e+01	4.163353e-02	4.712463e-01	6.287935e-02	3.335948e+00	6.057918e-02	4.189366e+01	1.370920e-02	5.462139e+01	1.332143e-02	4.157596e+01	3.303187e-02	1.827652e+01	7.729263e-01	1.270497e+01	1.254482e-03	3.565668e+02	1.616487e-04	1.092532e+03	
0	0	102	5.069597e-04	1.521681e+01	4.148768e-02	4.710929e-01	6.299716e-02	3.244607e+00	6.130306e-02	4.242226e+01	1.378303e-02	5.440260e+01	1.345824e-02	4.128602e+01	3.324734e-02	1.751627e+01	7.717522e-01	1.259069e+01	1.289087e-03	4.179535e+02	1.699063e-04	1.349711e+03	
0	0	103	5.064889e-04	1.546844e+01	4.135915e-02	4.696506e-01	6.327934e-02	3.284838e+00	6.162380e-02	4.159426e+01	1.392998e-02	5.494525e+01	1.355087e-02	3.989045e+01	3.352053e-02	1.966762e+01	7.707325e-01	1.279153e+01	1.319612e-03	4.464250e+02	1.899161e-04	1.367218e+03	
0	0	104	5.057304e-04	1.509839e+01	4.124177e-02	4.701174e-01	6.331735e-02	3.268877e+00	6.190248e-02	4.063236e+01	1.397943e-02	5.357068e+01	1.367254e-02	4.115481e+01	3.377727e-02	1.746254e+01	7.701429e-01	1.273463e+01	1.296378e-03	3.566258e+02	1.646629e-04	9.863981e+02	
0	0	105	5.052189e-04	1.544600e+01	4.116506e-02	4.702036e-01	6.366901e-02	3.280964e+00	6.212519e-02	3.999161e+01	1.405546e-02	5.191185e+01	1.379970e-02	4.170444e+01	3.407083e-02	2.090983e+01	7.690955e-01	1.285375e+01	1.335670e-03	4.227729e+02	1.876478e-04	1.347247e+03	
0	0	106	5.045179e-04	1.490572e+01	4.108442e-02	4.707469e-01	6.370563e-02	3.254513e+00	6.245880e-02	3.851446e+01	1.416359e-02	4.943754e+01	1.387420e-02	3.601891e+01	3.429086e-02	1.828563e+01	7.684344e-01	1.274338e+01	1.313831e-03	3.366170e+02	1.809312e-04	1.160095e+03	
0	0	107	5.043506e-04	1.534599e+01	4.087397e-02	4.722719e-01	6.423075e-02	3.338389e+00	6.320151e-02	4.131039e+01	1.427875e-02	5.253924e+01	1.396606e-02	3.483214e+01	3.450344e-02	1.671080e+01	7.669120e-01	1.280429e+01	1.365374e-03	4.466052e+02	1.804417e-04	1.206728e+03	
0	0	108	5.036873e-04	1.533095e+01	4.069905e-02	4.699848e-01	6.425387e-02	3.326282e+00	6.368529e-02	4.035953e+01	1.437153e-02	5.080821e+01	1.411300e-02	3.723346e+01	3.478925e-02	1.937244e+01	7.660600e-01	1.294703e+01	1.350900e-03	3.470871e+02	1.875639e-04	1.119382e+03	
0	0	109	5.031004e-04	1.526043e+01	4.064457e-02	4.732635e-01	6.432605e-02	3.275069e+00	6.388473e-02	3.913803e+01	1.451255e-02	5.393864e+01	1.427078e-02	4.017575e+01	3.501467e-02	1.747285e+01	7.653134e-01	1.290757e+01	1.355653e-03	3.427541e+02	1.819264e-04	1.174089e+03	
0	0	110	5.026833e-04	1.536905e+01	4.055141e-02	4.723236e-01	6.472882e-02	3.254619e+00	6.421292e-02	3.882070e+01	1.458151e-02	5.293389e+01	1.432614e-02	3.557182e+01	3.527868e-02	1.847118e+01	7.642257e-01	1.293749e+01	1.409719e-03	4.236466e+02	1.871520e-04	1.160354e+03	
0	0	111	5.021546e-04	1.527276e+01	4.032110e-02	4.710485e-01	6.484981e-02	3.208290e+00	6.467842e-02	3.797123e+01	1.467409e-02	5.321072e+01	1.442960e-02	3.688351e+01	3.556039e-02	1.923238e+01	7.634116e-01	1.295220e+01	1.403637e-03	3.555381e+02	1.855884e-04	1.051119e+03	
0	0	112	5.018403e-04	1.541962e+01	4.021208e-02	4.720574e-01	6.513079e-02	3.232061e+00	6.520236e-02	3.895410e+01	1.477833e-02	5.327818e+01	1.458344e-02	4.091649e+01	3.575677e-02	1.804260e+01	7.622493e-01	1.295991e+01	1.404379e-03	3.265356e+02	1.921727e-04	1.445044e+03	
0	0	113	5.013056e-04	1.521429e+01	4.016316e-02	4.721390e-01	6.513884e-02	3.199638e+00	6.578431e-02	3.845520e+01	1.486074e-02	5.555383e+01	1.465947e-02	3.657759e+01	3.599547e-02	1.752630e+01	7.613452e-01	1.289135e+01	1.413825e-03	3.467947e+02	1.699601e-04	9.258649e+02	
0	0	114	5.007891e-04	1.567268e+01	3.995371e-02	4.720837e-01	6.538404e-02	3.212947e+00	6.609505e-02	3.810920e+01	1.484541e-02	4.710060e+01	1.477030e-02	3.881492e+01	3.630142e-02	2.200849e+01	7.605361e-01	1.319750e+01	1.442538e-03	3.877883e+02	2.005591e-04	1.276040e+03	
0	0	115	5.002231e-04	1.517331e+01	3.981770e-02	4.719118e-01	6.570453e-02	3.187916e+00	6.631561e-02	3.660617e+01	1.500814e-02	4.926262e+01	1.489476e-02	3.741893e+01	3.646537e-02	1.519154e+01	7.596887e-01	1.300267e+01	1.446448e-03	3.873347e+02	1.899682e-04	1.192229e+03	
0	0	116	4.997630e-04	1.544799e+01	3.971632e-02	4.717314e-01	6.572986e-02	3.279949e+00	6.689759e-02	3.748423e+01	1.504713e-02	4.785366e+01	1.498985e-02	3.567775e+01	3.671936e-02	1.726204e+01	7.587904e-01	1.318454e+01	1.465049e-03	4.052314e+02	1.872547e-04	1.156818e+03	
0	0	117	4.992578e-04	1.537357e+01	3.960068e-02	4.733474e-01	6.597400e-02	3.181883e+00	6.708147e-02	3.627758e+01	1.527441e-02	5.263865e+01	1.508299e-02	3.430150e+01	3.699926e-02	1.794503e+01	7.578955e-01	1.324927e+01	1.453383e-03	3.234415e+02	1.871199e-04	1.122992e+03	
0	0	118	4.987361e-04	1.533255e+01	3.938653e-02	4.745838e-01	6.593521e-02	3.254723e+00	6.772882e-02	3.752147e+01	1.523173e-02	4.697895e+01	1.519121e-02	3.487752e+01	3.725752e-02	1.677395e+01	7.571711e-01	1.323828e+01	1.454261e-03	2.916706e+02	1.931742e-04	1.169584e+03	
0	0	119	4.981837e-04	1.564985e+01	3.922354e-02	4.739663e-01	6.610715e-02	3.117854e+00	6.788893e-02	3.652500e+01	1.541344e-02	5.201729e+01	1.532862e-02	3.765516e+01	3.750395e-02	1.760782e+01	7.563940e-01	1.328991e+01	1.503751e-03	3.923648e+02	1.936189e-04	1.332753e+03	
0	0	120	4.977149e-04	1.529101e+01	3.914299e-02	4.722494e-01	6.623379e-02	3.127399e+00	6.848958e-02	3.617920e+01	1.542356e-02	4.626721e+01	1.539247e-02	3.637657e+01	3.771723e-02	1.625857e+01	7.554651e-01	1.322247e+01	1.498480e-03	3.262334e+02	1.850595e-04	1.157935e+03	
0	0	121	4.973324e-04	1.558470e+01	3.901208e-02	4.726515e-01	6.652616e-02	3.190993e+00	6.878076e-02	3.635713e+01	1.558562e-02	5.092889e+01	1.554265e-02	4.072902e+01	3.795410e-02	1.832259e+01	7.544404e-01	1.315163e+01	1.535043e-03	3.932999e+02	1.790852e-04	1.119861e+03	
0	0	122	4.968583e-04	1.556048e+01	3.890029e-02	4.731433e-01	6.672449e-02	3.125128e+00	6.909238e-02	3.592206e+01	1.571416e-02	4.944396e+01	1.560063e-02	3.392021e+01	3.819104e-02	1.759697e+01	7.535868e-01	1.331502e+01	1.561249e-03	3.768917e+02	1.839830e-04	1.352316e+03	
0	0	123	4.962656e-04	1.520919e+01	3.875624e-02	4.759427e-01	6.686750e-02	3.099120e+00	6.929644e-02	3.381610e+01	1.576840e-02	4.789225e+01	1.570900e-02	3.331206e+01	3.849915e-02	1.874192e+01	7.529339e-01	1.324337e+01	1.544698e-03	2.845369e+02	1.931476e-04	1.171729e+03	
0	0	124	4.960733e-04	1.559415e+01	3.855355e-02	4.762017e-01	6.691153e-02	3.136570e+00	7.028159e-02	3.628383e+01	1.572628e-02	4.456854e+01	1.581658e-02	3.511194e+01	3.868887e-02	1.696576e+01	7.517990e-01	1.330706e+01	1.602745e-03	4.198212e+02	1.916456e-04	1.043308e+03	
0	0	125	4.957842e-04	1.562015e+01	3.837310e-02	4.752453e-01	6.729294e-02	3.188757e+00	7.048676e-02	3.591412e+01	1.593857e-02	4.899776e+01	1.589809e-02	3.400918e+01	3.892769e-02	1.948652e+01	7.508666e-01	1.335362e+01	1.597161e-03	3.057678e+02	1.916601e-04	1.264111e+03	
0	0	126	4.954091e-04	1.571528e+01	3.821576e-02	4.737702e-01	6.781940e-02	3.186118e+00	7.052868e-02	3.507537e+01	1.610026e-02	5.153425e+01	1.604289e-02	3.881674e+01	3.910267e-02	1.619632e+01	7.499491e-01	1.347771e+01	1.626574e-03	3.698302e+02	1.810216e-04	1.074921e+03	
0	0	127	4.951374e-04	1.559165e+01	3.805101e-02	4.758303e-01	6.799333e-02	3.193309e+00	7.130200e-02	3.664038e+01	1.613296e-02	4.735539e+01	1.609536e-02	3.274766e+01	3.935376e-02	1.771800e+01	7.488325e-01	1.336749e+01	1.621017e-03	3.117482e+02	1.936232e-04	1.230329e+03	
0	0	128	4.947154e-04	1.575919e+01	3.796934e-02	4.744862e-01	6.790286e-02	3.115719e+00	7.184532e-02	3.647504e+01	1.625607e-02	5.021743e+01	1.621902e-02	3.247776e+01	3.959633e-02	1.714213e+01	7.479605e-01	1.353204e+01	1.646642e-03	3.303633e+02	1.864976e-04	1.172836e+03	
0	0	129	4.942532e-04	1.573753e+01	3.780674e-02	4.769771e-01	6.814144e-02	3.120017e+00	7.197441e-02	3.546259e+01	1.637368e-02	5.161719e+01	1.639492e-02	3.965505e+01	3.986255e-02	1.795903e+01	7.472018e-01	1.341307e+01	1.639583e-03	3.031268e+02	1.860536e-04	1.105381e+03	
0	0	130	4.941200e-04	1.606670e+01	3.767286e-02	4.754165e-01	6.863395e-02	3.141936e+00	7.244804e-02	3.550134e+01	1.641175e-02	4.954670e+01	1.646453e-02	3.525079e+01	4.008022e-02	1.828795e+01	7.459897e-01	1.374175e+01	1.681511e-03	3.414437e+02	1.962192e-04	1.454977e+03	
0	0	131	4.935129e-04	1.557664e+01	3.749442e-02	4.753500e-01	6.864718e-02	3.097843e+00	7.292119e-02	3.583626e+01	1.635029e-02	4.457346e+01	1.657009e-02	3.253600e+01	4.032045e-02	1.697236e+01	7.453687e-01	1.338281e+01	1.696391e-03	3.278884e+02	2.070726e-04	1.198670e+03	
0	0	132	4.930346e-04	1.566925e+01	3.736513e-02	4.770122e-01	6.877582e-02	3.175063e+00	7.321543e-02	3.457894e+01	1.646815e-02	4.454865e+01	1.665706e-02	3.039530e+01	4.054281e-02	1.731495e+01	7.446500e-01	1.367535e+01	1.729908e-03	3.412621e+02	1.827203e-04	1.002591e+03	
0	0	133	4.928021e-04	1.588597e+01	3.721357e-02	4.768533e-01	6.894893e-02	3.168873e+00	7.372169e-02	3.503200e+01	1.667762e-02	5.062048e+01	1.681262e-02	3.523255e+01	4.078763e-02	1.716338e+01	7.435034e-01	1.367824e+01	1.729224e-03	3.035375e+02	1.932737e-04	1.111499e+03	
0	0	134	4.922408e-04	1.601431e+01	3.704743e-02	4.783150e-01	6.887923e-02	3.124939e+00	7.404445e-02	3.485087e+01	1.669774e-02	4.582403e+01	1.693341e-02	3.602522e+01	4.105792e-02	1.683685e+01	7.429825e-01	1.376636e+01	1.757308e-03	3.769946e+02	1.981172e-04	1.175075e+03	
0	0	135	4.917239e-04	1.582711e+01	3.690852e-02	4.780420e-01	6.907612e-02	3.056156e+00	7.421386e-02	3.369559e+01	1.677866e-02	4.693740e+01	1.701848e-02	3.295262e+01	4.130922e-02	1.705241e+01	7.423367e-01	1.381451e+01	1.760335e-03	3.273665e+02	1.921582e-04	1.069022e+03	
0	0	136	4.913792e-04	1.568460e+01	3.677799e-02	4.788438e-01	6.905894e-02	3.068582e+00	7.483587e-02	3.413600e+01	1.679816e-02	4.365300e+01	1.714299e-02	3.554815e+01	4.158287e-02	1.643354e+01	7.414363e-01	1.372457e+01	1.761452e-03	2.929720e+02	1.887257e-04	9.351854e+02	
0	0	137	4.912033e-04	1.610989e+01	3.659440e-02	4.797197e-01	6.949330e-02	3.129621e+00	7.506611e-02	3.327266e+01	1.686209e-02	4.603455e+01	1.724346e-02	3.616712e+01	4.183815e-02	1.790461e+01	7.404736e-01	1.397402e+01	1.810105e-03	3.265112e+02	2.110119e-04	1.334974e+03	
0	0	138	4.909817e-04	1.611802e+01	3.637380e-02	4.769812e-01	6.958871e-02	3.091796e+00	7.584983e-02	3.490686e+01	1.696268e-02	4.639156e+01	1.733460e-02	3.670326e+01	4.206385e-02	1.875853e+01	7.394240e-01	1.386943e+01	1.812769e-03	2.998273e+02	1.957454e-04	1.111731e+03	
0	0	139	4.906891e-04	1.602675e+01	3.625179e-02	4.785895e-01	6.985471e-02	3.137930e+00	7.626821e-02	3.464398e+01	1.706596e-02	4.750689e+01	1.739166e-02	3.067532e+01	4.222225e-02	1.648165e+01	7.385192e-01	1.386209e+01	1.843206e-03	3.525548e+02	1.958262e-04	1.068118e+03	
0	0	140	4.902913e-04	1.590234e+01	3.612175e-02	4.790761e-01	7.007585e-02	3.072983e+00	7.637777e-02	3.294247e+01	1.717090e-02	4.869963e+01	1.751948e-02	3.402220e+01	4.245070e-02	1.680823e+01	7.378663e-01	1.390426e+01	1.837536e-03	2.925218e+02	1.950637e-04	1.077046e+03	
0	0	141	4.901442e-04	1.627075e+01	3.596857e-02	4.797005e-01	7.043703e-02	3.148210e+00	7.679322e-02	3.366009e+01	1.725311e-02	4.992398e+01	1.759045e-02	3.280430e+01	4.265514e-02	1.581313e+01	7.368265e-01	1.418640e+01	1.864113e-03	3.278428e+02	2.185523e-04	1.198287e+03	
0	0	142	4.895053e-04	1.572382e+01	3.574027e-02	4.795140e-01	7.036349e-02	3.067086e+00	7.696871e-02	3.238245e+01	1.730740e-02	4.379349e+01	1.767631e-02	3.209744e+01	4.293003e-02	1.673824e+01	7.365627e-01	1.387321e+01	1.857865e-03	2.596235e+02	2.132529e-04	1.132420e+03	
0	0	143	4.891478e-04	1.604681e+01	3.561139e-02	4.795888e-01	7.027974e-02	3.014471e+00	7.733765e-02	3.257897e+01	1.737782e-02	4.340853e+01	1.778099e-02	3.141061e+01	4.318020e-02	1.743060e+01	7.359289e-01	1.402951e+01	1.919523e-03	3.384367e+02	2.077925e-04	1.234415e+03	
0	0	144	4.890279e-04	1.589858e+01	3.548574e-02	4.789593e-01	7.055844e-02	3.087530e+00	7.794022e-02	3.298225e+01	1.743613e-02	4.225738e+01	1.788202e-02	3.160295e+01	4.337771e-02	1.554945e+01	7.348075e-01	1.394982e+01	1.949349e-03	3.431016e+02	1.895006e-04	1.034049e+03	
0	0	145	4.887030e-04	1.617717e+01	3.533234e-02	4.813436e-01	7.047553e-02	3.030365e+00	7.829029e-02	3.249374e+01	1.759730e-02	4.328290e+01	1.800384e-02	3.558194e+01	4.362259e-02	1.636843e+01	7.341419e-01	1.417047e+01	1.962524e-03	3.437078e+02	2.001725e-04	9.992434e+02	
0	0	146	4.883734e-04	1.601709e+01	3.514649e-02	4.785759e-01	7.063740e-02	3.000385e+00	7.853526e-02	3.193753e+01	1.768473e-02	4.380571e+01	1.809400e-02	3.318175e+01	4.384027e-02	1.575592e+01	7.335406e-01	1.424747e+01	1.943577e-03	2.688014e+02	2.042829e-04	1.152074e+03	
0	0	147	4.881869e-04	1.625114e+01	3.494786e-02	4.777593e-01	7.090233e-02	3.019454e+00	7.883992e-02	3.226923e+01	1.780018e-02	4.860467e+01	1.818655e-02	3.321884e+01	4.410808e-02	1.721328e+01	7.326708e-01	1.420797e+01	1.974997e-03	3.028571e+02	1.995973e-04	1.114386e+03	
0	0	148	4.876948e-04	1.621584e+01	3.481047e-02	4.793615e-01	7.078684e-02	2.974507e+00	7.916885e-02	3.199518e+01	1.777728e-02	4.170998e+01	1.832682e-02	3.350437e+01	4.434196e-02	1.722940e+01	7.321941e-01	1.419526e+01	2.022836e-03	3.482317e+02	1.991497e-04	1.117829e+03	
0	0	149	4.876115e-04	1.616334e+01	3.463371e-02	4.791137e-01	7.102985e-02	3.064116e+00	7.953099e-02	3.152437e+01	1.795704e-02	4.618877e+01	1.838838e-02	2.988714e+01	4.456596e-02	1.729481e+01	7.312919e-01	1.431891e+01	2.032503e-03	2.776196e+02	2.055486e-04	1.110839e+03	
0	0	150	4.872435e-04	1.613418e+01	3.448905e-02	4.805111e-01	7.120697e-02	3.046781e+00	7.976369e-02	3.014644e+01	1.783884e-02	3.914792e+01	1.851556e-02	3.272782e+01	4.482211e-02	1.757359e+01	7.306996e-01	1.442320e+01	2.100548e-03	3.047458e+02	2.131534e-04	1.050411e+03	
0	0	151	4.872845e-04	1.629708e+01	3.431170e-02	4.829923e-01	7.133243e-02	3.009816e+00	8.040098e-02	3.178912e+01	1.812856e-02	4.620245e+01	1.865809e-02	3.568074e+01	4.503755e-02	1.792426e+01	7.294935e-01	1.429833e+01	2.094576e-03	2.715886e+02	2.020011e-04	9.708387e+02	
0	0	152	4.870699e-04	1.645434e+01	3.414539e-02	4.802927e-01	7.145921e-02	3.015573e+00	8.072443e-02	3.189616e+01	1.813513e-02	4.426739e+01	1.875643e-02	3.458989e+01	4.521395e-02	1.570338e+01	7.288442e-01	1.438626e+01	2.164979e-03	3.434787e+02	2.144727e-04	1.169382e+03	
0	0	153	4.869672e-04	1.630629e+01	3.398737e-02	4.812821e-01	7.184401e-02	3.071120e+00	8.094665e-02	3.140778e+01	1.824429e-02	4.630976e+01	1.883406e-02	3.257620e+01	4.549613e-02	1.761892e+01	7.279911e-01	1.443028e+01	2.115611e-03	2.475701e+02	1.988696e-04	1.161107e+03	
0	0	154	4.867449e-04	1.637734e+01	3.375565e-02	4.807338e-01	7.166401e-02	2.995225e+00	8.145140e-02	3.120649e+01	1.835045e-02	4.515091e+01	1.891631e-02	2.859021e+01	4.578501e-02	1.872147e+01	7.273675e-01	1.450260e+01	2.170008e-03	2.633991e+02	2.017172e-04	1.235288e+03	
0	0	155	4.868516e-04	1.681067e+01	3.353544e-02	4.823873e-01	7.203208e-02	3.069604e+00	8.192047e-02	3.221238e+01	1.839861e-02	4.487721e+01	1.905463e-02	3.508037e+01	4.599368e-02	1.875322e+01	7.263039e-01	1.474108e+01	2.213120e-03	2.885063e+02	1.939925e-04	1.172265e+03	
0	0	156	4.864373e-04	1.645046e+01	3.345517e-02	4.818815e-01	7.194694e-02	2.971430e+00	8.229919e-02	3.270204e+01	1.836196e-02	4.323712e+01	1.913206e-02	2.881398e+01	4.624903e-02	1.547835e+01	7.257724e-01	1.452509e+01	2.246796e-03	3.207321e+02	1.950078e-04	1.031137e+03	
0	0	157	4.860999e-04	1.650089e+01	3.325903e-02	4.857667e-01	7.202016e-02	3.008057e+00	8.243466e-02	3.065479e+01	1.839681e-02	3.980581e+01	1.925006e-02	2.990902e+01	4.652909e-02	1.749694e+01	7.253195e-01	1.473204e+01	2.253074e-03	2.997267e+02	2.110256e-04	1.195388e+03	
0	0	158	4.859496e-04	1.644480e+01	3.300802e-02	4.843270e-01	7.221605e-02	3.046609e+00	8.264224e-02	2.960133e+01	1.846535e-02	3.986712e+01	1.935663e-02	2.885029e+01	4.672862e-02	1.740572e+01	7.247486e-01	1.476495e+01	2.294103e-03	2.931173e+02	2.074961e-04	1.248846e+03	
0	0	159	4.858861e-04	1.633664e+01	3.277417e-02	4.831583e-01	7.234260e-02	3.003066e+00	8.329996e-02	3.124515e+01	1.854464e-02	3.926246e+01	1.947527e-02	3.073304e+01	4.698822e-02	1.644848e+01	7.237486e-01	1.462346e+01	2.300459e-03	2.684464e+02	2.003224e-04	9.717674e+02	
0	0	160	4.857400e-04	1.657675e+01	3.264938e-02	4.848452e-01	7.227050e-02	2.996091e+00	8.358280e-02	3.089821e+01	1.875355e-02	4.527056e+01	1.958451e-02	3.115593e+01	4.719363e-02	1.669756e+01	7.231337e-01	1.476146e+01	2.290830e-03	2.554350e+02	2.141274e-04	1.164450e+03	
0	0	161	4.856472e-04	1.678245e+01	3.250491e-02	4.840960e-01	7.244376e-02	3.035901e+00	8.394200e-02	3.057848e+01	1.876576e-02	4.274380e+01	1.968001e-02	3.074723e+01	4.740479e-02	1.765871e+01	7.223790e-01	1.482607e+01	2.351256e-03	3.184071e+02	2.070465e-04	1.257367e+03	
0	0	162	4.856927e-04	1.697563e+01	3.229493e-02	4.842058e-01	7.267247e-02	3.034686e+00	8.433021e-02	3.097546e+01	1.886501e-02	4.437427e+01	1.975175e-02	2.889454e+01	4.765037e-02	1.919180e+01	7.215067e-01	1.496009e+01	2.404458e-03	3.193543e+02	2.040145e-04	1.144190e+03	
0	0	163	4.853195e-04	1.666481e+01	3.214019e-02	4.837343e-01	7.271167e-02	2.998997e+00	8.440630e-02	2.937173e+01	1.890422e-02	4.274792e+01	1.984558e-02	2.873986e+01	4.788806e-02	1.840662e+01	7.212228e-01	1.484999e+01	2.353259e-03	2.927724e+02	2.136020e-04	1.356470e+03	
0	0	164	4.856063e-04	1.682801e+01	3.194082e-02	4.823922e-01	7.284217e-02	3.013787e+00	8.533939e-02	3.147093e+01	1.896610e-02	4.201552e+01	1.995565e-02	2.930516e+01	4.806495e-02	1.671665e+01	7.199904e-01	1.493076e+01	2.394306e-03	3.015585e+02	1.934878e-04	1.242263e+03	
0	0	165	4.853863e-04	1.667604e+01	3.172167e-02	4.833297e-01	7.287346e-02	2.974592e+00	8.547883e-02	3.014071e+01	1.906135e-02	4.249969e+01	2.004587e-02	2.748606e+01	4.830457e-02	1.735205e+01	7.196103e-01	1.487821e+01	2.382819e-03	2.965002e+02	2.044329e-04	1.137501e+03	
0	0	166	4.852143e-04	1.673851e+01	3.155689e-02	4.837416e-01	7.300784e-02	2.986775e+00	8.560095e-02	2.911602e+01	1.910580e-02	4.247378e+01	2.020677e-02	3.026642e+01	4.845293e-02	1.618880e+01	7.191388e-01	1.502119e+01	2.392824e-03	2.925729e+02	2.177091e-04	1.299422e+03	
0	0	167	4.854231e-04	1.668748e+01	3.135287e-02	4.890908e-01	7.327064e-02	3.008689e+00	8.628848e-02	3.004748e+01	1.913295e-02	4.136613e+01	2.027950e-02	3.101629e+01	4.863797e-02	1.578679e+01	7.181317e-01	1.504058e+01	2.390534e-03	2.564172e+02	2.053837e-04	1.177001e+03	
0	0	168	4.854550e-04	1.702961e+01	3.114834e-02	4.860618e-01	7.351883e-02	2.996361e+00	8.649998e-02	3.005354e+01	1.924537e-02	4.370675e+01	2.038090e-02	3.199160e+01	4.885912e-02	1.805406e+01	7.174298e-01	1.531894e+01	2.408003e-03	2.422573e+02	2.029322e-04	1.156895e+03	
0	0	169	4.853235e-04	1.711790e+01	3.089060e-02	4.864649e-01	7.345292e-02	3.010498e+00	8.684726e-02	3.040015e+01	1.931864e-02	4.164092e+01	2.052514e-02	3.307377e+01	4.911651e-02	1.750624e+01	7.168649e-01	1.516616e+01	2.460559e-03	2.925327e+02	2.140591e-04	1.351568e+03	
0	0	170	4.853339e-04	1.707954e+01	3.073209e-02	4.858334e-01	7.349446e-02	3.064597e+00	8.719554e-02	2.945587e+01	1.946743e-02	4.442834e+01	2.061666e-02	3.322521e+01	4.935876e-02	1.843037e+01	7.161664e-01	1.525494e+01	2.456722e-03	2.450701e+02	2.081868e-04	1.259493e+03	
0	0	171	4.850694e-04	1.696950e+01	3.048989e-02	4.848612e-01	7.334998e-02	2.942649e+00	8.739664e-02	2.830148e+01	1.938490e-02	4.043902e+01	2.071160e-02	3.211961e+01	4.955750e-02	1.721580e+01	7.160935e-01	1.526894e+01	2.516662e-03	3.037480e+02	1.978361e-04	1.128709e+03	
0	0	172	4.851714e-04	1.704425e+01	3.031799e-02	4.867882e-01	7.338025e-02	2.988348e+00	8.763202e-02	2.880766e+01	1.939200e-02	3.853568e+01	2.080601e-02	3.214955e+01	4.976216e-02	1.747551e+01	7.156243e-01	1.523758e+01	2.568561e-03	2.806272e+02	2.249357e-04	1.648719e+03	
0	0	173	4.853474e-04	1.713945e+01	3.009747e-02	4.869079e-01	7.343161e-02	2.929014e+00	8.810297e-02	2.894506e+01	1.945228e-02	3.791255e+01	2.083576e-02	3.113347e+01	4.992149e-02	1.793232e+01	7.150570e-01	1.550405e+01	2.613082e-03	2.868307e+02	1.949343e-04	1.082066e+03	
0	0	174	4.854538e-04	1.747696e+01	2.988334e-02	4.871331e-01	7.361362e-02	2.950164e+00	8.840701e-02	2.870045e+01	1.959189e-02	4.110046e+01	2.097502e-02	3.278955e+01	5.013769e-02	1.788826e+01	7.142226e-01	1.565742e+01	2.681963e-03	3.180070e+02	2.041258e-04	1.325072e+03	
0	0	175	4.856985e-04	1.740511e+01	2.963996e-02	4.881696e-01	7.373181e-02	2.943421e+00	8.898837e-02	2.960886e+01	1.970661e-02	4.329921e+01	2.107997e-02	3.353826e+01	5.037366e-02	1.815429e+01	7.133129e-01	1.546008e+01	2.658818e-03	2.608276e+02	2.200415e-04	1.419557e+03	
0	0	176	4.854892e-04	1.721158e+01	2.944609e-02	4.873560e-01	7.383582e-02	3.004808e+00	8.896544e-02	2.877387e+01	1.961323e-02	3.940325e+01	2.117912e-02	3.184948e+01	5.055359e-02	1.776496e+01	7.132451e-01	1.554842e+01	2.670252e-03	2.560083e+02	2.127888e-04	1.386397e+03	
0	0	177	4.854974e-04	1.740622e+01	2.919519e-02	4.906567e-01	7.385862e-02	2.931372e+00	8.913908e-02	2.809343e+01	1.972565e-02	4.103472e+01	2.127190e-02	3.166141e+01	5.074554e-02	1.680529e+01	7.128932e-01	1.594500e+01	2.694889e-03	2.603700e+02	1.960995e-04	1.194076e+03	
0	0	178	4.857014e-04	1.722439e+01	2.906113e-02	4.914661e-01	7.386487e-02	2.941437e+00	8.958371e-02	2.843305e+01	1.975608e-02	3.901459e+01	2.136747e-02	3.001120e+01	5.092076e-02	1.649569e+01	7.122353e-01	1.564465e+01	2.721155e-03	2.877221e+02	2.148005e-04	1.218136e+03	
0	0	179	4.859741e-04	1.726094e+01	2.875275e-02	4.880277e-01	7.400488e-02	2.943184e+00	8.999389e-02	2.856946e+01	1.983061e-02	3.851811e+01	2.145115e-02	2.972636e+01	5.115912e-02	1.743603e+01	7.115981e-01	1.576652e+01	2.732988e-03	2.496823e+02	2.063568e-04	1.258511e+03	
0	0	180	4.861281e-04	1.747855e+01	2.852999e-02	4.891054e-01	7.383354e-02	2.922075e+00	9.054587e-02	2.938893e+01	1.988930e-02	4.168226e+01	2.150464e-02	2.830982e+01	5.138170e-02	1.732897e+01	7.110382e-01	1.583991e+01	2.783642e-03	2.578728e+02	2.041582e-04	1.226006e+03	
0	0	181	4.860754e-04	1.733510e+01	2.838252e-02	4.900431e-01	7.376517e-02	2.909117e+00	9.058535e-02	2.757460e+01	1.991853e-02	3.708705e+01	2.165741e-02	2.961965e+01	5.159520e-02	1.644336e+01	7.108024e-01	1.605245e+01	2.802031e-03	2.457229e+02	2.184220e-04	1.205408e+03	
0	0	182	4.867082e-04	1.777612e+01	2.806827e-02	4.902959e-01	7.414802e-02	2.980696e+00	9.122091e-02	2.891165e+01	2.006955e-02	4.121233e+01	2.171100e-02	2.785242e+01	5.173663e-02	1.715879e+01	7.097057e-01	1.599549e+01	2.856029e-03	3.088958e+02	2.243996e-04	1.474034e+03	
0	0	183	4.867474e-04	1.754825e+01	2.788550e-02	4.909129e-01	7.414249e-02	2.916350e+00	9.128171e-02	2.766788e+01	2.007725e-02	3.892123e+01	2.184173e-02	2.896376e+01	5.194509e-02	1.593124e+01	7.094836e-01	1.612512e+01	2.871439e-03	2.967122e+02	2.032073e-04	1.170946e+03	
0	0	184	4.871012e-04	1.797352e+01	2.767903e-02	4.901261e-01	7.430511e-02	2.906538e+00	9.153180e-02	2.803203e+01	2.026807e-02	4.495117e+01	2.194166e-02	2.994315e+01	5.216687e-02	1.670967e+01	7.087540e-01	1.641183e+01	2.886553e-03	2.996824e+02	2.015530e-04	1.134678e+03	
0	0	185	4.871979e-04	1.790064e+01	2.740421e-02	4.908756e-01	7.422347e-02	2.950475e+00	9.194803e-02	2.793913e+01	2.026994e-02	4.432490e+01	2.201949e-02	2.799187e+01	5.240500e-02	1.904687e+01	7.083799e-01	1.624334e+01	2.850732e-03	2.600765e+02	2.284225e-04	1.260396e+03	
0	0	186	4.872664e-04	1.764442e+01	2.713392e-02	4.911722e-01	7.429307e-02	2.984910e+00	9.184351e-02	2.622604e+01	2.030775e-02	4.288152e+01	2.213583e-02	3.004992e+01	5.258910e-02	1.730287e+01	7.082966e-01	1.629353e+01	2.932580e-03	2.634761e+02	1.992174e-04	1.164979e+03	
0	0	187	4.878155e-04	1.797801e+01	2.691220e-02	4.920679e-01	7.429251e-02	2.930868e+00	9.253734e-02	2.835518e+01	2.026534e-02	3.969366e+01	2.222592e-02	2.834687e+01	5.278015e-02	1.734243e+01	7.075168e-01	1.631983e+01	2.992503e-03	3.298041e+02	2.165526e-04	1.077177e+03	
0	0	188	4.880470e-04	1.780051e+01	2.663528e-02	4.939265e-01	7.428459e-02	2.967488e+00	9.291005e-02	2.775788e+01	2.033752e-02	4.184810e+01	2.231379e-02	2.622734e+01	5.298528e-02	1.759598e+01	7.071564e-01	1.649998e+01	2.894525e-03	2.513577e+02	2.205330e-04	9.894886e+02	
0	0	189	4.885557e-04	1.793683e+01	2.636303e-02	4.924928e-01	7.433296e-02	2.952014e+00	9.333220e-02	2.779306e+01	2.040342e-02	4.130069e+01	2.244050e-02	2.635593e+01	5.312906e-02	1.855982e+01	7.065857e-01	1.658557e+01	2.911708e-03	2.170435e+02	2.246645e-04	1.151931e+03	
0	0	190	4.889926e-04	1.818852e+01	2.614363e-02	4.944166e-01	7.436056e-02	2.954711e+00	9.368767e-02	2.756924e+01	2.039491e-02	3.906568e+01	2.254276e-02	2.780865e+01	5.327632e-02	1.677514e+01	7.060934e-01	1.698991e+01	3.027834e-03	2.449560e+02	2.371029e-04	1.325476e+03	
0	0	191	4.890744e-04	1.817747e+01	2.586454e-02	4.919216e-01	7.434392e-02	2.936591e+00	9.372250e-02	2.686660e+01	2.040158e-02	3.858439e+01	2.266722e-02	2.990148e+01	5.352252e-02	1.707833e+01	7.059450e-01	1.681754e+01	3.050993e-03	2.721320e+02	2.237590e-04	1.167670e+03	
0	0	192	4.896071e-04	1.848397e+01	2.563095e-02	4.937433e-01	7.441135e-02	2.915277e+00	9.406836e-02	2.711020e+01	2.047447e-02	4.229083e+01	2.271835e-02	2.900872e+01	5.367454e-02	1.824847e+01	7.054157e-01	1.692853e+01	3.116706e-03	2.970348e+02	2.443569e-04	1.201922e+03	
0	0	193	4.899693e-04	1.827510e+01	2.536190e-02	4.959862e-01	7.432517e-02	2.964229e+00	9.466533e-02	2.772011e+01	2.046767e-02	3.771606e+01	2.278689e-02	2.832303e+01	5.391468e-02	1.906111e+01	7.049429e-01	1.685828e+01	3.073553e-03	2.681721e+02	2.284116e-04	1.152029e+03	
0	0	194	4.901284e-04	1.821273e+01	2.514822e-02	4.960349e-01	7.429209e-02	2.946111e+00	9.465583e-02	2.669093e+01	2.048388e-02	3.612424e+01	2.294066e-02	2.988718e+01	5.413690e-02	1.737462e+01	7.047974e-01	1.714657e+01	3.082707e-03	2.479749e+02	2.167686e-04	1.026492e+03	
0	0	195	4.909325e-04	1.865817e+01	2.486020e-02	4.952138e-01	7.433075e-02	2.910328e+00	9.528757e-02	2.825684e+01	2.062256e-02	3.968577e+01	2.298668e-02	2.638227e+01	5.434428e-02	1.831544e+01	7.039284e-01	1.708222e+01	3.156829e-03	3.272284e+02	2.286012e-04	1.041571e+03	
0	0	196	4.911227e-04	1.854776e+01	2.458120e-02	4.936758e-01	7.423876e-02	2.886777e+00	9.540278e-02	2.668086e+01	2.073359e-02	3.972372e+01	2.310422e-02	2.906812e+01	5.458081e-02	1.812114e+01	7.037896e-01	1.715190e+01	3.103104e-03	2.930202e+02	2.325426e-04	1.068837e+03	
0	0	197	4.915786e-04	1.827769e+01	2.427175e-02	4.944363e-01	7.435277e-02	2.936206e+00	9.555471e-02	2.590213e+01	2.075797e-02	3.909979e+01	2.318981e-02	2.628794e+01	5.475007e-02	1.769591e+01	7.035802e-01	1.725946e+01	3.090185e-03	2.497909e+02	2.336028e-04	1.087789e+03	
0	0	198	4.924290e-04	1.922621e+01	2.395045e-02	4.952064e-01	7.443360e-02	2.911303e+00	9.597187e-02	2.693855e+01	2.082476e-02	4.233274e+01	2.327731e-02	2.611173e+01	5.496468e-02	1.932900e+01	7.029577e-01	1.773341e+01	3.160493e-03	3.582047e+02	2.393822e-04	9.942880e+02	
0	0	199	4.930137e-04	1.915928e+01	2.367271e-02	4.988353e-01	7.451791e-02	2.945178e+00	9.632681e-02	2.720045e+01	2.079453e-02	3.756855e+01	2.339578e-02	2.750191e+01	5.515235e-02	1.852311e+01	7.025601e-01	1.794504e+01	3.094768e-03	2.870338e+02	2.650528e-04	1.327739e+03	
0	0	200	4.932665e-04	1.881859e+01	2.334835e-02	4.962620e-01	7.428374e-02	2.905098e+00	9.630507e-02	2.565918e+01	2.088136e-02	4.041208e+01	2.354006e-02	2.812593e+01	5.538722e-02	1.848108e+01	7.026800e-01	1.767861e+01	3.105353e-03	2.756025e+02	2.457322e-04	1.228243e+03	
0	0	201	4.942655e-04	1.912578e+01	2.312207e-02	4.967858e-01	7.432674e-02	2.967739e+00	9.684805e-02	2.637889e+01	2.093190e-02	4.197472e+01	2.362586e-02	2.649030e+01	5.551728e-02	1.692383e+01	7.020284e-01	1.791955e+01	3.173200e-03	3.272425e+02	2.055304e-04	1.202715e+03	
0	0	202	4.949769e-04	1.921438e+01	2.283937e-02	4.963541e-01	7.438293e-02	2.947411e+00	9.711604e-02	2.660311e+01	2.091552e-02	4.000549e+01	2.375377e-02	2.909545e+01	5.578567e-02	1.819954e+01	7.017015e-01	1.809525e+01	3.054548e-03	2.772493e+02	2.315900e-04	1.245071e+03	
0	0	203	4.956719e-04	1.942270e+01	2.253147e-02	4.983944e-01	7.431214e-02	2.969771e+00	9.727415e-02	2.610441e+01	2.098816e-02	3.974899e+01	2.387793e-02	2.969683e+01	5.605875e-02	2.042941e+01	7.014144e-01	1.821804e+01	3.103713e-03	3.003605e+02	2.208404e-04	1.076191e+03	
0	0	204	4.963494e-04	1.965142e+01	2.218772e-02	4.970510e-01	7.418981e-02	2.968972e+00	9.762782e-02	2.588594e+01	2.108685e-02	3.991710e+01	2.394170e-02	2.641620e+01	5.622864e-02	1.782034e+01	7.012082e-01	1.868164e+01	3.089443e-03	3.018847e+02	2.148400e-04	1.175243e+03	
0	0	205	4.972152e-04	1.973441e+01	2.185714e-02	4.974594e-01	7.413319e-02	2.921493e+00	9.804416e-02	2.642188e+01	2.115173e-02	4.143247e+01	2.405146e-02	2.968173e+01	5.643215e-02	1.696611e+01	7.007698e-01	1.873274e+01	3.115001e-03	3.128201e+02	2.251279e-04	1.094940e+03	
0	0	206	4.978911e-04	1.986849e+01	2.164043e-02	4.981562e-01	7.413454e-02	2.920727e+00	9.810845e-02	2.561016e+01	2.105034e-02	3.912028e+01	2.414451e-02	2.763650e+01	5.669607e-02	1.860611e+01	7.005998e-01	1.886146e+01	3.169804e-03	3.288920e+02	2.289623e-04	1.044087e+03	
0	0	207	4.990155e-04	2.006451e+01	2.127639e-02	4.965432e-01	7.440867e-02	2.953051e+00	9.848778e-02	2.609032e+01	2.109216e-02	3.853881e+01	2.422212e-02	2.685562e+01	5.682085e-02	1.765505e+01	7.001124e-01	1.922133e+01	3.139020e-03	3.384129e+02	2.343008e-04	1.089375e+03	
0	0	208	4.995788e-04	1.995223e+01	2.096247e-02	4.965449e-01	7.413810e-02	2.888245e+00	9.876004e-02	2.608368e+01	2.108149e-02	3.634842e+01	2.433996e-02	2.413336e+01	5.709005e-02	1.785000e+01	7.001308e-01	1.954613e+01	3.055662e-03	2.770638e+02	2.409283e-04	9.058194e+02	
0	0	209	5.006799e-04	2.040671e+01	2.061279e-02	4.975982e-01	7.399497e-02	2.951520e+00	9.928304e-02	2.688213e+01	2.110156e-02	3.982285e+01	2.445682e-02	2.471497e+01	5.730438e-02	1.915378e+01	6.996679e-01	1.937526e+01	3.123923e-03	3.411098e+02	2.529767e-04	1.270895e+03	
0	0	210	5.015978e-04	2.062572e+01	2.028064e-02	4.987122e-01	7.398527e-02	2.907758e+00	9.942600e-02	2.651880e+01	2.108632e-02	3.835999e+01	2.467609e-02	3.006222e+01	5.757385e-02	2.081887e+01	6.994458e-01	1.976206e+01	3.091474e-03	2.836158e+02	2.337845e-04	1.274117e+03	
0	0	211	5.024970e-04	2.061710e+01	1.992375e-02	4.983719e-01	7.417801e-02	2.920881e+00	9.943191e-02	2.530281e+01	2.115030e-02	3.761797e+01	2.478569e-02	2.898534e+01	5.770901e-02	1.909381e+01	6.992482e-01	1.978375e+01	3.153452e-03	3.527008e+02	2.213333e-04	1.252926e+03	
0	0	212	5.037264e-04	2.096907e+01	1.963201e-02	4.977508e-01	7.423745e-02	2.954490e+00	9.997638e-02	2.670829e+01	2.119689e-02	4.214347e+01	2.486213e-02	2.832992e+01	5.784788e-02	1.960003e+01	6.987876e-01	2.012713e+01	3.019383e-03	2.982414e+02	2.057391e-04	1.160547e+03	
0	0	213	5.047214e-04	2.084423e+01	1.927978e-02	4.994127e-01	7.414402e-02	2.916389e+00	1.001309e-01	2.620116e+01	2.119374e-02	4.105531e+01	2.491831e-02	2.691304e+01	5.804226e-02	1.851526e+01	6.987570e-01	2.019580e+01	3.120498e-03	3.147170e+02	2.146416e-04	1.198135e+03	
0	0	214	5.059923e-04	2.101298e+01	1.891749e-02	5.022472e-01	7.424128e-02	2.991734e+00	1.004147e-01	2.640226e+01	2.124393e-02	3.993479e+01	2.498293e-02	2.693079e+01	5.821903e-02	2.053377e+01	6.984720e-01	2.037225e+01	3.114102e-03	3.124706e+02	2.092826e-04	9.283129e+02	
0	0	215	5.069956e-04	2.155264e+01	1.861605e-02	4.999315e-01	7.388654e-02	2.926787e+00	1.004217e-01	2.491017e+01	2.123469e-02	3.842801e+01	2.513042e-02	2.825603e+01	5.837373e-02	2.028297e+01	6.987212e-01	2.075428e+01	3.147168e-03	3.363529e+02	2.412377e-04	1.320586e+03	
0	0	216	5.082866e-04	2.140848e+01	1.826986e-02	5.007781e-01	7.375425e-02	2.906579e+00	1.008009e-01	2.543584e+01	2.133606e-02	4.127357e+01	2.521194e-02	2.887013e+01	5.851497e-02	1.903553e+01	6.985971e-01	2.086164e+01	3.102739e-03	3.143211e+02	2.356853e-04	1.472941e+03	
0	0	217	5.098152e-04	2.175830e+01	1.795135e-02	5.030831e-01	7.365321e-02	2.985501e+00	1.011494e-01	2.567587e+01	2.137867e-02	4.422503e+01	2.524365e-02	2.536945e+01	5.872503e-02	1.948252e+01	6.983216e-01	2.128369e+01	3.135791e-03	3.168054e+02	2.647886e-04	1.273133e+03	
0	0	218	5.113320e-04	2.201501e+01	1.761098e-02	5.002364e-01	7.363356e-02	2.980837e+00	1.015764e-01	2.646495e+01	2.120156e-02	3.974552e+01	2.536326e-02	2.813224e+01	5.890357e-02	2.093931e+01	6.980927e-01	2.139879e+01	3.183384e-03	3.151386e+02	2.290125e-04	1.082820e+03	
0	0	219	5.126461e-04	2.235136e+01	1.728129e-02	5.015710e-01	7.349463e-02	2.947488e+00	1.014415e-01	2.523053e+01	2.130190e-02	4.016564e+01	2.549216e-02	2.770478e+01	5.905213e-02	2.028997e+01	6.983647e-01	2.211729e+01	3.130449e-03	3.377655e+02	2.643751e-04	1.142220e+03	
0	0	220	5.142822e-04	2.263811e+01	1.691610e-02	5.017886e-01	7.347770e-02	3.000899e+00	1.020708e-01	2.655959e+01	2.122001e-02	4.043876e+01	2.561730e-02	2.932777e+01	5.921535e-02	2.046464e+01	6.980283e-01	2.219855e+01	3.019363e-03	3.328591e+02	2.410507e-04	8.936322e+02	
0	0	221	5.157816e-04	2.285364e+01	1.662196e-02	5.046994e-01	7.342431e-02	2.992464e+00	1.019235e-01	2.555301e+01	2.127002e-02	4.222352e+01	2.570425e-02	2.737130e+01	5.945185e-02	2.073097e+01	6.981564e-01	2.299550e+01	3.016681e-03	2.857739e+02	2.569069e-04	1.019272e+03	
0	0	222	5.173218e-04	2.319669e+01	1.629413e-02	5.023199e-01	7.326472e-02	3.008733e+00	1.021081e-01	2.535034e+01	2.128301e-02	4.203515e+01	2.585489e-02	2.821309e+01	5.958837e-02	2.011234e+01	6.979814e-01	2.317569e+01	3.162818e-03	3.264516e+02	2.933013e-04	1.155372e+03	
0	0	223	5.188746e-04	2.317782e+01	1.599042e-02	5.020688e-01	7.285675e-02	2.919303e+00	1.024347e-01	2.596446e+01	2.123458e-02	4.124089e+01	2.592199e-02	2.884975e+01	5.974135e-02	1.921049e+01	6.982314e-01	2.295021e+01	3.079384e-03	3.118627e+02	2.883739e-04	9.478148e+02	
0	0	224	5.211459e-04	2.407313e+01	1.568114e-02	5.022865e-01	7.281967e-02	2.970079e+00	1.027673e-01	2.632068e+01	2.129448e-02	3.987691e+01	2.592569e-02	2.970986e+01	5.996096e-02	2.251648e+01	6.980012e-01	2.440233e+01	3.098972e-03	2.751753e+02	2.744620e-04	1.000606e+03	
0	0	225	5.228270e-04	2.438977e+01	1.529602e-02	5.040808e-01	7.280834e-02	2.963881e+00	1.028994e-01	2.561040e+01	2.118397e-02	3.716755e+01	2.601049e-02	2.797525e+01	6.012379e-02	2.277040e+01	6.979588e-01	2.467698e+01	3.172188e-03	3.228690e+02	2.908568e-04	8.424922e+02	
0	0	226	5.246709e-04	2.474286e+01	1.500378e-02	5.031581e-01	7.278702e-02	3.000967e+00	1.029195e-01	2.506037e+01	2.127507e-02	4.151297e+01	2.606278e-02	2.497213e+01	6.030543e-02	2.341694e+01	6.979892e-01	2.487481e+01	3.114162e-03	3.450146e+02	3.217935e-04	9.414731e+02	
0	0	227	5.267054e-04	2.518116e+01	1.471532e-02	5.018268e-01	7.265540e-02	2.984113e+00	1.030315e-01	2.514099e+01	2.125285e-02	4.109553e+01	2.622112e-02	2.867441e+01	6.045713e-02	2.309021e+01	6.980276e-01	2.591576e+01	3.076889e-03	2.825408e+02	3.570602e-04	1.024643e+03	
0	0	228	5.290420e-04	2.568840e+01	1.433869e-02	5.062620e-01	7.259812e-02	2.996924e+00	1.033838e-01	2.594534e+01	2.126796e-02	4.055770e+01	2.625976e-02	3.066447e+01	6.059889e-02	2.387893e+01	6.977255e-01	2.587054e+01	3.237951e-03	3.439094e+02	3.815496e-04	9.548062e+02	
0	0	229	5.310457e-04	2.622985e+01	1.402334e-02	5.046575e-01	7.245904e-02	3.077884e+00	1.037713e-01	2.584725e+01	2.135253e-02	4.325666e+01	2.623954e-02	2.824438e+01	6.059708e-02	2.369709e+01	6.977305e-01	2.677554e+01	3.244059e-03	3.148170e+02	4.035362e-04	1.183002e+03	
0	0	230	5.332472e-04	2.673944e+01	1.369505e-02	5.041753e-01	7.235911e-02	3.033653e+00	1.041355e-01	2.624392e+01	2.114718e-02	3.934975e+01	2.636935e-02	2.905988e+01	6.069698e-02	2.309159e+01	6.977038e-01	2.717874e+01	3.351025e-03	3.587250e+02	3.382881e-04	1.188301e+03	
0	0	231	5.357701e-04	2.695132e+01	1.337726e-02	5.045020e-01	7.212214e-02	3.019757e+00	1.043511e-01	2.600434e+01	2.113577e-02	3.651528e+01	2.649110e-02	2.874411e+01	6.092455e-02	2.292318e+01	6.978153e-01	2.774632e+01	3.278159e-03	3.587224e+02	2.823748e-04	1.188581e+03	
0	0	232	5.381337e-04	2.759766e+01	1.305064e-02	5.023327e-01	7.206880e-02	3.085677e+00	1.041756e-01	2.567236e+01	2.110685e-02	3.671424e+01	2.664934e-02	3.047781e+01	6.121152e-02	2.623059e+01	6.979902e-01	2.863779e+01	3.304902e-03	3.614372e+02	2.834545e-04	1.076494e+03	
0	0	233	5.406894e-04	2.753314e+01	1.272711e-02	5.051612e-01	7.180216e-02	3.083694e+00	1.045039e-01	2.644654e+01	2.123557e-02	4.099067e+01	2.670769e-02	3.141337e+01	6.128651e-02	2.535043e+01	6.979155e-01	2.820867e+01	3.325153e-03	3.802277e+02	2.681283e-04	7.650373e+02	
0	0	234	5.432299e-04	2.849085e+01	1.242368e-02	5.053716e-01	7.138006e-02	3.031485e+00	1.044376e-01	2.601864e+01	2.114527e-02	4.034363e+01	2.674549e-02	3.062938e+01	6.134038e-02	2.774102e+01	6.986906e-01	2.904926e+01	3.275370e-03	3.941780e+02	3.429385e-04	1.095848e+03	
0	0	235	5.463757e-04	2.934124e+01	1.209990e-02	5.071896e-01	7.099348e-02	2.991696e+00	1.047311e-01	2.686009e+01	2.104876e-02	3.862559e+01	2.676692e-02	2.977540e+01	6.139309e-02	2.653094e+01	6.990858e-01	3.041523e+01	3.338953e-03	3.995599e+02	3.145624e-04	8.550894e+02	
0	0	236	5.495338e-04	2.944191e+01	1.178067e-02	5.043799e-01	7.107720e-02	3.110929e+00	1.047536e-01	2.719214e+01	2.106556e-02	4.177304e+01	2.688513e-02	3.157639e+01	6.151408e-02	2.787156e+01	6.991184e-01	3.056853e+01	3.209597e-03	3.603971e+02	3.631597e-04	8.500174e+02	
0	0	237	5.526372e-04	3.061726e+01	1.144702e-02	5.066370e-01	7.076336e-02	3.090181e+00	1.045010e-01	2.641667e+01	2.096455e-02	3.891365e+01	2.693036e-02	2.904070e+01	6.153052e-02	2.612469e+01	6.998548e-01	3.211191e+01	3.342437e-03	3.914860e+02	4.253267e-04	8.729553e+02	
0	0	238	5.559485e-04	3.083882e+01	1.115872e-02	5.065332e-01	7.023808e-02	3.099202e+00	1.045820e-01	2.746075e+01	2.092736e-02	4.192621e+01	2.704935e-02	3.152660e+01	6.167668e-02	2.695064e+01	7.003530e-01	3.174885e+01	3.384290e-03	4.041693e+02	4.180754e-04	9.453729e+02	
0	0	239	5.597499e-04	3.133541e+01	1.086898e-02	5.066590e-01	6.975197e-02	3.044878e+00	1.042534e-01	2.574616e+01	2.088057e-02	3.942969e+01	2.711115e-02	2.990526e+01	6.175724e-02	2.805944e+01	7.013252e-01	3.294310e+01	3.259745e-03	3.650971e+02	5.257195e-04	1.041845e+03	
0	0	240	5.642653e-04	3.227862e+01	1.050861e-02	5.066342e-01	6.934312e-02	3.105449e+00	1.045460e-01	2.706725e+01	2.085754e-02	4.264024e+01	2.719721e-02	3.526671e+01	6.170623e-02	2.864580e+01	7.017839e-01	3.331535e+01	3.370380e-03	4.557155e+02	4.415298e-04	1.097751e+03	
0	0	241	5.689230e-04	3.235882e+01	1.020698e-02	5.046154e-01	6.879476e-02	3.082065e+00	1.042432e-01	2.695931e+01	2.070024e-02	3.966955e+01	2.710610e-02	3.249101e+01	6.177535e-02	3.040725e+01	7.033510e-01	3.365975e+01	3.232168e-03	4.130527e+02	3.870797e-04	1.208698e+03	
0	0	242	5.752947e-04	3.495911e+01	9.848401e-03	5.083393e-01	6.827571e-02	3.078551e+00	1.039688e-01	2.724317e+01	2.058136e-02	4.412906e+01	2.710247e-02	3.247844e+01	6.148202e-02	3.236714e+01	7.048044e-01	3.627940e+01	3.353457e-03	5.095262e+02	3.658493e-04	1.530888e+03	
0	0	243	5.816689e-04	3.666516e+01	9.524193e-03	5.087447e-01	6.778745e-02	3.165979e+00	1.032265e-01	2.716383e+01	2.034543e-02	4.185557e+01	2.711471e-02	3.661323e+01	6.122515e-02	3.237509e+01	7.070591e-01	3.865380e+01	3.058620e-03	5.048777e+02	3.872499e-04	1.422550e+03	
0	0	244	5.899720e-04	3.994846e+01	9.164286e-03	5.060319e-01	6.680087e-02	3.150599e+00	1.026182e-01	2.833263e+01	2.018508e-02	4.439235e+01	2.693091e-02	3.642646e+01	6.099520e-02	3.479910e+01	7.096667e-01	4.246922e+01	2.953116e-03	4.604228e+02	4.471086e-04	1.428384e+03	
0	0	245	6.000531e-04	4.884440e+01	8.799657e-03	5.098755e-01	6.563755e-02	3.075720e+00	1.010020e-01	2.670425e+01	1.989053e-02	4.384412e+01	2.669374e-02	3.779059e+01	6.044905e-02	3.783522e+01	7.139736e-01	5.471254e+01	2.958584e-03	4.886475e+02	3.679655e-04	1.243235e+03	
0	0	246	6.105468e-04	6.254181e+01	8.452374e-03	5.050004e-01	6.458390e-02	3.074348e+00	1.001685e-01	2.750593e+01	1.958726e-02	4.268438e+01	2.661500e-02	4.042073e+01	5.988591e-02	3.992052e+01	7.169483e-01	7.245719e+01	2.976425e-03	5.579204e+02	4.285320e-04	1.430319e+03	
0	0	247	6.180261e-04	7.876286e+01	8.131585e-03	5.066304e-01	6.373422e-02	3.050596e+00	9.969781e-02	2.777222e+01	1.942823e-02	4.303663e+01	2.643944e-02	4.369874e+01	5.952827e-02	3.929359e+01	7.192382e-01	9.465475e+01	2.949157e-03	4.844455e+02	5.458004e-04	1.524265e+03	
0	0	248	6.185346e-04	9.249463e+01	7.922099e-03	5.067466e-01	6.389557e-02	3.116932e+00	1.000861e-01	2.804938e+01	1.945060e-02	4.716298e+01	2.650328e-02	4.414790e+01	5.989330e-02	4.180693e+01	7.185361e-01	1.134122e+02	2.983962e-03	5.511586e+02	4.510298e-04	1.432069e+03	
0	0	249	6.113373e-04	9.669368e+01	7.809964e-03	5.057520e-01	6.450596e-02	3.146229e+00	1.016260e-01	2.766276e+01	1.955316e-02	4.014106e+01	2.688882e-02	4.070540e+01	6.097954e-02	4.478413e+01	7.149074e-01	1.195926e+02	2.994210e-03	5.257150e+02	4.382578e-04	1.507611e+03	
0	0	250	6.013964e-04	9.124842e+01	7.739638e-03	5.090355e-01	6.541297e-02	3.135148e+00	1.037607e-01	2.773948e+01	2.002239e-02	4.037275e+01	2.759681e-02	4.216779e+01	6.224222e-02	4.529513e+01	7.095170e-01	1.127539e+02	2.969959e-03	5.290522e+02	4.496674e-04	1.627378e+03	
0	0	251	5.928637e-04	8.324704e+01	7.628902e-03	5.088294e-01	6.643378e-02	3.130526e+00	1.058192e-01	2.826923e+01	2.039874e-02	4.192677e+01	2.814660e-02	4.646548e+01	6.350588e-02	4.527004e+01	7.043542e-01	1.019832e+02	2.990033e-03	5.032261e+02	4.248543e-04	1.370913e+03	
0	0	252	5.871527e-04	7.919326e+01	7.510174e-03	5.073471e-01	6.701628e-02	3.092405e+00	1.071819e-01	2.819197e+01	2.070900e-02	4.450982e+01	2.853828e-02	4.560445e+01	6.427356e-02	4.745606e+01	7.011667e-01	9.659486e+01	2.925915e-03	5.302586e+02	4.105171e-04	1.622762e+03	
0	0	253	5.833746e-04	7.659829e+01	7.329188e-03	5.054257e-01	6.740635e-02	3.141315e+00	1.084351e-01	2.808851e+01	2.082827e-02	4.451183e+01	2.876773e-02	4.423656e+01	6.481642e-02	4.418842e+01	6.985603e-01	9.261942e+01	2.936084e-03	5.210870e+02	5.130763e-04	1.131475e+03	
0	0	254	5.811151e-04	7.652390e+01	7.140287e-03	5.072459e-01	6.756458e-02	3.056849e+00	1.094003e-01	2.860343e+01	2.102615e-02	4.542892e+01	2.900352e-02	4.547549e+01	6.550530e-02	4.479972e+01	6.965156e-01	9.210796e+01	2.995829e-03	5.127753e+02	4.895355e-04	1.447109e+03	
0	0	255	5.793338e-04	7.731346e+01	6.943623e-03	5.085451e-01	6.788976e-02	3.164410e+00	1.101764e-01	2.850792e+01	2.114118e-02	4.670787e+01	2.922597e-02	4.631219e+01	6.623557e-02	5.050615e+01	6.946878e-01	9.336066e+01	3.062071e-03	5.727927e+02	3.979395e-04	1.623414e+03	
0	0	256	5.769338e-04	7.683970e+01	6.790162e-03	5.112220e-01	6.797669e-02	3.096947e+00	1.107511e-01	2.870841e+01	2.112286e-02	4.216990e+01	2.945684e-02	4.617681e+01	6.672764e-02	5.258536e+01	6.936019e-01	9.334609e+01	2.985097e-03	5.025128e+02	3.596375e-04	1.385107e+03	
0	0	257	5.758980e-04	7.856035e+01	6.583283e-03	5.080048e-01	6.823382e-02	3.155382e+00	1.113189e-01	2.833108e+01	2.120918e-02	4.350580e+01	2.955186e-02	4.376586e+01	6.709249e-02	4.828340e+01	6.920697e-01	9.576411e+01	3.162974e-03	5.438855e+02	4.430024e-04	1.339162e+03	
0	0	258	5.742567e-04	8.190224e+01	6.406820e-03	5.061129e-01	6.836501e-02	3.161467e+00	1.120522e-01	2.897018e+01	2.134215e-02	4.348069e+01	2.985317e-02	4.779187e+01	6.774903e-02	5.674150e+01	6.900551e-01	9.829157e+01	3.319907e-03	6.577385e+02	5.209690e-04	1.525651e+03	
0	0	259	5.716516e-04	8.198883e+01	6.234726e-03	5.070277e-01	6.853471e-02	3.184355e+00	1.125415e-01	2.802412e+01	2.149959e-02	4.493563e+01	3.008472e-02	4.720697e+01	6.795331e-02	5.393497e+01	6.890813e-01	9.920320e+01	3.217498e-03	5.973953e+02	4.961057e-04	1.401733e+03	
0	0	260	5.689326e-04	8.256282e+01	6.046023e-03	5.087996e-01	6.875364e-02	3.142628e+00	1.131928e-01	2.828481e+01	2.158608e-02	4.434480e+01	3.030034e-02	4.456800e+01	6.874343e-02	5.934752e+01	6.875936e-01	1.002226e+02	3.070574e-03	6.533249e+02	4.652395e-04	1.561241e+03	
0	0	261	5.665859e-04	8.332046e+01	5.848097e-03	5.097991e-01	6.883040e-02	3.081592e+00	1.141280e-01	2.844699e+01	2.164415e-02	4.449998e+01	3.079408e-02	4.957469e+01	6.897235e-02	5.693226e+01	6.862434e-01	1.016874e+02	2.841911e-03	6.696003e+02	4.301927e-04	1.519365e+03	
0	0	262	5.642251e-04	8.503188e+01	5.702774e-03	5.086537e-01	6.915567e-02	3.140958e+00	1.150341e-01	2.874915e+01	2.168192e-02	4.484367e+01	3.094392e-02	5.082635e+01	6.937868e-02	5.611713e+01	6.846377e-01	1.048944e+02	2.731979e-03	5.523260e+02	4.435276e-04	1.361900e+03	
0	0	263	5.611774e-04	8.557001e+01	5.525647e-03	5.077905e-01	6.963386e-02	3.216631e+00	1.161300e-01	2.909921e+01	2.185831e-02	4.273672e+01	3.111035e-02	4.911384e+01	7.004270e-02	6.425212e+01	6.821103e-01	1.042701e+02	2.784846e-03	6.281356e+02	4.896984e-04	1.477744e+03	
0	0	264	5.579663e-04	8.547809e+01	5.370293e-03	5.057463e-01	6.988589e-02	3.177698e+00	1.166844e-01	2.846665e+01	2.201726e-02	4.530115e+01	3.140331e-02	5.131539e+01	7.023713e-02	6.039320e+01	6.806778e-01	1.043747e+02	2.953387e-03	6.721026e+02	4.087355e-04	1.584913e+03	
0	0	265	5.552228e-04	8.661957e+01	5.204477e-03	5.061186e-01	7.013147e-02	3.190883e+00	1.177606e-01	2.985729e+01	2.214380e-02	4.710872e+01	3.145458e-02	4.614570e+01	7.052057e-02	5.975328e+01	6.793622e-01	1.070609e+02	2.720359e-03	5.877844e+02	3.929482e-04	1.706920e+03	
0	0	266	5.514962e-04	8.486767e+01	5.048850e-03	5.039671e-01	7.012200e-02	3.153789e+00	1.184392e-01	2.816469e+01	2.225796e-02	4.473527e+01	3.200117e-02	5.254549e+01	7.108520e-02	5.855758e+01	6.775041e-01	1.046100e+02	2.722019e-03	6.108885e+02	4.506400e-04	1.378734e+03	
0	0	267	5.495914e-04	8.665702e+01	4.845234e-03	5.061754e-01	7.052962e-02	3.177326e+00	1.193632e-01	2.849681e+01	2.244338e-02	4.703610e+01	3.210833e-02	5.391043e+01	7.174435e-02	6.406422e+01	6.753800e-01	1.059920e+02	2.766153e-03	6.146659e+02	4.690776e-04	1.476657e+03	
0	0	268	5.474793e-04	9.007430e+01	4.692386e-03	5.070235e-01	7.063476e-02	3.183979e+00	1.202528e-01	2.940094e+01	2.245688e-02	4.383951e+01	3.224659e-02	5.034163e+01	7.206449e-02	6.824201e+01	6.739539e-01	1.107761e+02	2.927093e-03	6.717499e+02	4.442353e-04	1.572758e+03	
0	0	269	5.435332e-04	8.749376e+01	4.541712e-03	5.023955e-01	7.094638e-02	3.183046e+00	1.213112e-01	2.913964e+01	2.279398e-02	4.424056e+01	3.254695e-02	5.184539e+01	7.218815e-02	6.194553e+01	6.720420e-01	1.072154e+02	2.777285e-03	7.385703e+02	4.538552e-04	1.657815e+03	
0	0	270	5.415224e-04	8.827576e+01	4.370858e-03	5.047443e-01	7.093172e-02	3.188039e+00	1.217255e-01	2.871220e+01	2.303367e-02	4.941558e+01	3.271648e-02	5.190448e+01	7.289000e-02	7.012509e+01	6.708809e-01	1.085759e+02	2.682491e-03	6.216413e+02	4.659803e-04	1.241655e+03	
0	0	271	5.398896e-04	9.087023e+01	4.226582e-03	4.974399e-01	7.112151e-02	3.162171e+00	1.224931e-01	2.922340e+01	2.289755e-02	4.595032e+01	3.302518e-02	5.338930e+01	7.284933e-02	6.803568e+01	6.697117e-01	1.131215e+02	2.902109e-03	5.999160e+02	5.202989e-04	1.322412e+03	
0	0	272	5.369769e-04	9.231926e+01	4.078696e-03	5.011592e-01	7.143927e-02	3.143963e+00	1.232931e-01	2.924369e+01	2.297706e-02	4.515584e+01	3.325106e-02	5.451277e+01	7.321927e-02	7.017867e+01	6.678370e-01	1.141445e+02	3.033618e-03	6.990663e+02	5.459007e-04	1.434897e+03	
0	0	273	5.345472e-04	9.512554e+01	3.933540e-03	4.986170e-01	7.151972e-02	3.149940e+00	1.241590e-01	2.896105e+01	2.303990e-02	4.714984e+01	3.341393e-02	5.487338e+01	7.346852e-02	7.155628e+01	6.665351e-01	1.181940e+02	3.000144e-03	7.525084e+02	5.500278e-04	1.225772e+03	
0	0	274	5.303266e-04	9.559916e+01	3.794435e-03	5.051312e-01	7.178626e-02	3.150178e+00	1.249771e-01	2.877372e+01	2.309896e-02	4.459547e+01	3.370373e-02	5.227128e+01	7.381053e-02	7.231415e+01	6.651474e-01	1.188033e+02	2.813441e-03	7.421268e+02	5.724721e-04	1.514827e+03	
0	0	275	5.268507e-04	9.474587e+01	3.675364e-03	4.949648e-01	7.214539e-02	3.179981e+00	1.263667e-01	2.896138e+01	2.324814e-02	4.466220e+01	3.405113e-02	5.625541e+01	7.403258e-02	7.055603e+01	6.628289e-01	1.184037e+02	2.718151e-03	6.518242e+02	6.056228e-04	1.514109e+03	
0	0	276	5.242151e-04	9.780983e+01	3.542053e-03	4.943549e-01	7.239092e-02	3.153349e+00	1.270923e-01	2.929206e+01	2.352754e-02	4.870991e+01	3.416684e-02	5.634911e+01	7.433451e-02	7.541490e+01	6.612000e-01	1.212008e+02	2.796337e-03	7.583131e+02	5.956583e-04	1.746888e+03	
0	0	277	5.214567e-04	9.671798e+01	3.450456e-03	4.942464e-01	7.261067e-02	3.206282e+00	1.278163e-01	2.873580e+01	2.359491e-02	4.682390e+01	3.442445e-02	5.814841e+01	7.420962e-02	6.931193e+01	6.600803e-01	1.208983e+02	2.839393e-03	7.392807e+02	5.407129e-04	1.518179e+03	
0	0	278	5.192310e-04	1.014525e+02	3.341084e-03	5.036377e-01	7.270126e-02	3.186040e+00	1.287105e-01	2.965400e+01	2.370172e-02	4.731344e+01	3.463102e-02	6.101682e+01	7.452789e-02	7.309456e+01	6.586681e-01	1.277192e+02	2.751275e-03	6.866267e+02	5.470907e-04	1.902943e+03	
0	0	279	5.148615e-04	1.014673e+02	3.258385e-03	4.921368e-01	7.314845e-02	3.228097e+00	1.296425e-01	2.899702e+01	2.377889e-02	4.469119e+01	3.470301e-02	5.558762e+01	7.525120e-02	7.216088e+01	6.565344e-01	1.284077e+02	2.719200e-03	7.216753e+02	4.736224e-04	1.200434e+03	
0	0	280	5.116316e-04	1.027954e+02	3.189519e-03	4.957062e-01	7.328441e-02	3.177269e+00	1.305864e-01	2.968171e+01	2.398565e-02	4.701852e+01	3.485987e-02	5.364991e+01	7.583049e-02	7.720341e+01	6.544230e-01	1.303543e+02	2.724568e-03	6.824061e+02	6.640457e-04	1.617218e+03	
0	0	281	5.079689e-04	1.042884e+02	3.155568e-03	4.890274e-01	7.354302e-02	3.159200e+00	1.314414e-01	2.955980e+01	2.416297e-02	4.633922e+01	3.532214e-02	5.612408e+01	7.615020e-02	7.706832e+01	6.524324e-01	1.327921e+02	2.771265e-03	6.206390e+02	5.383957e-04	1.285784e+03	
0	0	282	5.048005e-04	1.065199e+02	3.130941e-03	4.917121e-01	7.369614e-02	3.174673e+00	1.322971e-01	2.927468e+01	2.432350e-02	4.782088e+01	3.563963e-02	6.242859e+01	7.644687e-02	8.053495e+01	6.504553e-01	1.347827e+02	2.899835e-03	7.526492e+02	5.736897e-04	1.809861e+03	
0	0	283	5.007486e-04	1.071490e+02	3.107535e-03	4.904377e-01	7.424734e-02	3.162486e+00	1.332684e-01	2.947665e+01	2.443826e-02	4.844295e+01	3.603623e-02	6.317995e+01	7.680228e-02	8.314020e+01	6.484563e-01	1.371683e+02	2.737645e-03	7.075912e+02	5.146898e-04	1.502009e+03	
0	0	284	4.967936e-04	1.095505e+02	3.078997e-03	4.971131e-01	7.434930e-02	3.156696e+00	1.342756e-01	2.917843e+01	2.450417e-02	4.865428e+01	3.625544e-02	6.025106e+01	7.705912e-02	7.804106e+01	6.467264e-01	1.411028e+02	2.842529e-03	7.664859e+02	4.686432e-04	1.625399e+03	
0	0	285	4.926791e-04	1.094854e+02	3.089063e-03	4.894353e-01	7.460277e-02	3.205109e+00	1.359795e-01	3.064849e+01	2.449954e-02	4.451571e+01	3.651398e-02	5.953422e+01	7.773888e-02	8.448897e+01	6.435087e-01	1.402001e+02	3.002809e-03	7.744330e+02	4.316986e-04	1.074546e+03	
0	0	286	4.891127e-04	1.142132e+02	3.068002e-03	4.850363e-01	7.488957e-02	3.148314e+00	1.365390e-01	3.004898e+01	2.468544e-02	4.688883e+01	3.705809e-02	7.176785e+01	7.803539e-02	8.309574e+01	6.416209e-01	1.459749e+02	3.068450e-03	8.291365e+02	4.592639e-04	1.343045e+03	
0	0	287	4.836918e-04	1.136270e+02	3.072023e-03	4.850252e-01	7.563807e-02	3.235035e+00	1.378839e-01	2.962650e+01	2.490586e-02	4.461244e+01	3.706890e-02	6.034796e+01	7.844670e-02	8.529236e+01	6.390507e-01	1.468756e+02	2.710703e-03	7.085991e+02	7.661952e-04	1.744848e+03	
0	0	288	4.790802e-04	1.141180e+02	3.031287e-03	4.931355e-01	7.588646e-02	3.166701e+00	1.393028e-01	3.039227e+01	2.518883e-02	4.900569e+01	3.747278e-02	6.721594e+01	7.884659e-02	8.742093e+01	6.366282e-01	1.480847e+02	2.667700e-03	8.176800e+02	6.557441e-04	1.495479e+03	
0	0	289	4.743623e-04	1.165119e+02	3.037246e-03	4.883010e-01	7.623992e-02	3.156973e+00	1.404397e-01	2.988923e+01	2.532027e-02	4.752913e+01	3.760647e-02	6.528733e+01	7.894761e-02	8.065312e+01	6.347694e-01	1.530167e+02	2.718352e-03	7.724245e+02	4.942293e-04	1.527721e+03	
0	0	290	4.693560e-04	1.170812e+02	3.030421e-03	4.876090e-01	7.680501e-02	3.172521e+00	1.417091e-01	2.941724e+01	2.554690e-02	4.672908e+01	3.791958e-02	6.652135e+01	8.013009e-02	8.680561e+01	6.310786e-01	1.532922e+02	2.843084e-03	8.406988e+02	4.839983e-04	1.586030e+03	
0	0	291	4.645359e-04	1.189411e+02	3.040015e-03	4.869418e-01	7.712532e-02	3.165485e+00	1.434353e-01	3.008114e+01	2.582848e-02	4.874469e+01	3.828624e-02	6.430880e+01	8.066282e-02	8.753129e+01	6.280928e-01	1.571600e+02	2.701528e-03	8.077482e+02	4.727005e-04	1.765479e+03	
0	0	292	4.596891e-04	1.208237e+02	3.023317e-03	4.882642e-01	7.766911e-02	3.179567e+00	1.447087e-01	2.992383e+01	2.608754e-02	4.675985e+01	3.859721e-02	6.925232e+01	8.153610e-02	9.533857e+01	6.245920e-01	1.587518e+02	2.763531e-03	8.280491e+02	5.540703e-04	1.415070e+03	
0	0	293	4.542309e-04	1.192720e+02	3.041579e-03	4.856689e-01	7.829400e-02	3.173360e+00	1.466565e-01	3.041777e+01	2.626284e-02	4.895450e+01	3.888526e-02	6.883806e+01	8.163911e-02	9.546468e+01	6.213657e-01	1.565668e+02	2.706546e-03	8.072214e+02	6.922821e-04	1.562065e+03	
0	0	294	4.490841e-04	1.196747e+02	3.041200e-03	4.845571e-01	7.874517e-02	3.193233e+00	1.482459e-01	3.087641e+01	2.642465e-02	4.528885e+01	3.908927e-02	6.919314e+01	8.169782e-02	9.545592e+01	6.189018e-01	1.586593e+02	2.807282e-03	7.709541e+02	7.405851e-04	1.692054e+03	
0	0	295	4.442873e-04	1.186157e+02	3.055398e-03	4.907085e-01	7.902190e-02	3.194542e+00	1.490235e-01	3.014644e+01	2.687437e-02	4.888911e+01	3.912926e-02	6.679371e+01	8.173734e-02	9.354993e+01	6.172493e-01	1.571527e+02	2.962136e-03	9.541342e+02	6.038176e-04	1.249498e+03	
0	0	296	4.408665e-04	1.184038e+02	3.018788e-03	4.991950e-01	7.922917e-02	3.211851e+00	1.501857e-01	3.099625e+01	2.710747e-02	5.205967e+01	3.925242e-02	6.726068e+01	8.169648e-02	9.055635e+01	6.156291e-01	1.579621e+02	2.671397e-03	8.465142e+02	7.612500e-04	1.345081e+03	
0	0	297	4.381635e-04	1.214454e+02	3.011866e-03	4.959566e-01	7.935791e-02	3.179248e+00	1.507898e-01	3.070961e+01	2.706103e-02	5.053901e+01	3.934805e-02	6.740629e+01	8.206164e-02	9.475753e+01	6.140683e-01	1.597992e+02	2.815752e-03	9.643870e+02	9.007401e-04	1.490677e+03	
0	0	298	4.361166e-04	1.233204e+02	2.972305e-03	4.927783e-01	7.933855e-02	3.171752e+00	1.511778e-01	3.058229e+01	2.712628e-02	4.854936e+01	3.956776e-02	6.973680e+01	8.182648e-02	9.476109e+01	6.137421e-01	1.629157e+02	2.899679e-03	8.937383e+02	7.339344e-04	1.504056e+03	
0	0	299	4.349093e-04	1.304660e+02	2.969306e-03	4.922581e-01	7.919595e-02	3.228356e+00	1.512917e-01	3.134460e+01	2.715852e-02	5.397920e+01	3.950091e-02	6.928831e+01	8.177739e-02	1.027935e+02	6.140845e-01	1.735026e+02	2.872603e-03	9.901602e+02	6.337048e-04	1.548435e+03	
0	0	300	4.321436e-04	1.351479e+02	2.955089e-03	4.894091e-01	7.914497e-02	3.158011e+00	1.523042e-01	3.184330e+01	2.709635e-02	5.218877e+01	3.976462e-02	6.887607e+01	8.146300e-02	9.433149e+01	6.133679e-01	1.824618e+02	2.545540e-03	9.722581e+02	8.083603e-04	1.688091e+03	
0	0	301	4.290562e-04	1.406087e+02	2.938096e-03	4.896705e-01	7.919188e-02	3.139829e+00	1.525998e-01	3.161933e+01	2.710193e-02	4.991206e+01	4.009577e-02	7.329941e+01	8.180251e-02	9.834646e+01	6.120790e-01	1.907348e+02	2.665106e-03	1.036882e+03	9.441443e-04	1.349217e+03	
0	0	302	4.258669e-04	1.482119e+02	2.939550e-03	4.873229e-01	7.932256e-02	3.206168e+00	1.528989e-01	3.141890e+01	2.713882e-02	5.102046e+01	4.014699e-02	7.241962e+01	8.249031e-02	1.081095e+02	6.108208e-01	2.013773e+02	2.780916e-03	1.034322e+03	9.016917e-04	1.689695e+03	
0	0	303	4.219285e-04	1.536512e+02	2.915011e-03	4.879209e-01	7.957837e-02	3.203406e+00	1.538902e-01	3.184307e+01	2.728756e-02	4.642955e+01	4.045251e-02	6.996187e+01	8.232000e-02	1.018196e+02	6.090758e-01	2.100755e+02	2.778236e-03	1.166187e+03	8.399493e-04	1.623155e+03	
0	0	304	4.177848e-04	1.634164e+02	2.924128e-03	4.880029e-01	7.960992e-02	3.190694e+00	1.549134e-01	3.228586e+01	2.770673e-02	5.250997e+01	4.106401e-02	7.743207e+01	8.314842e-02	1.153145e+02	6.066499e-01	2.246021e+02	2.411803e-03	1.028790e+03	8.341689e-04	1.815562e+03	
0	0	305	4.118909e-04	1.751903e+02	2.937114e-03	4.937830e-01	7.991397e-02	3.151387e+00	1.560303e-01	3.163752e+01	2.790947e-02	5.201211e+01	4.161081e-02	8.012904e+01	8.340101e-02	1.146179e+02	6.044102e-01	2.443186e+02	2.381620e-03	1.200311e+03	7.261532e-04	1.857987e+03	
0	0	306	4.040325e-04	1.788275e+02	2.929345e-03	4.838228e-01	8.099461e-02	3.174803e+00	1.584549e-01	3.170766e+01	2.829856e-02	5.234745e+01	4.222554e-02	8.788007e+01	8.420839e-02	1.202604e+02	5.989482e-01	2.507498e+02	2.311038e-03	1.297688e+03	8.489450e-04	1.822482e+03	
0	0	307	3.960927e-04	1.858941e+02	2.962870e-03	4.863271e-01	8.194172e-02	3.173770e+00	1.609407e-01	3.217039e+01	2.882493e-02	5.432241e+01	4.256459e-02	8.673853e+01	8.435305e-02	1.162105e+02	5.940070e-01	2.636024e+02	2.627355e-03	1.275489e+03	8.753755e-04	1.800268e+03	
0	0	308	3.874487e-04	1.942794e+02	3.012315e-03	4.870075e-01	8.292208e-02	3.146826e+00	1.635430e-01	3.185355e+01	2.914735e-02	5.465451e+01	4.308041e-02	8.378023e+01	8.538726e-02	1.192384e+02	5.887759e-01	2.779782e+02	2.310918e-03	1.337710e+03	8.364751e-04	1.656658e+03	
0	0	309	3.792924e-04	2.081495e+02	3.050520e-03	4.950132e-01	8.387503e-02	3.128258e+00	1.656699e-01	3.112691e+01	2.959309e-02	5.442226e+01	4.365846e-02	8.969649e+01	8.616665e-02	1.249157e+02	5.834874e-01	3.002091e+02	2.449968e-03	1.359344e+03	9.669449e-04	2.196130e+03	
0	0	310	3.691639e-04	2.180114e+02	3.091877e-03	4.867923e-01	8.517375e-02	3.084320e+00	1.695713e-01	3.239933e+01	3.005005e-02	5.377385e+01	4.426924e-02	9.136561e+01	8.733779e-02	1.246257e+02	5.763999e-01	3.206721e+02	2.324021e-03	1.542459e+03	9.224323e-04	2.341217e+03	
0	0	311	3.585331e-04	2.326917e+02	3.137719e-03	4.850454e-01	8.675568e-02	3.058148e+00	1.732282e-01	3.259271e+01	3.060522e-02	5.628057e+01	4.461529e-02	9.238424e+01	8.862473e-02	1.310217e+02	5.695843e-01	3.525638e+02	2.069385e-03	1.507662e+03	6.683621e-04	2.262983e+03	
0	0	312	3.459323e-04	2.573522e+02	3.237649e-03	4.892888e-01	8.883503e-02	3.032831e+00	1.772816e-01	3.151819e+01	3.118298e-02	5.048739e+01	4.536619e-02	8.435626e+01	9.007775e-02	1.274328e+02	5.604340e-01	4.010846e+02	2.088099e-03	1.644380e+03	6.975125e-04	2.160149e+03	
0	0	313	3.289374e-04	2.865180e+02	3.363811e-03	4.847727e-01	9.266332e-02	3.063705e+00	1.843620e-01	3.170276e+01	3.246058e-02	5.120891e+01	4.738808e-02	9.328336e+01	9.346413e-02	1.373337e+02	5.429737e-01	4.613589e+02	1.699145e-03	1.816308e+03	6.960581e-04	2.403734e+03	
0	0	314	3.060638e-04	3.246718e+02	3.582569e-03	4.893685e-01	9.809027e-02	2.973933e+00	1.953406e-01	3.125079e+01	3.445255e-02	5.296116e+01	4.999731e-02	9.182340e+01	9.830187e-02	1.420138e+02	5.172856e-01	5.563622e+02	1.561679e-03	2.098881e+03	6.342229e-04	2.961364e+03	
0	0	315	2.709299e-04	3.548442e+02	4.022375e-03	4.879488e-01	1.093594e-01	2.963987e+00	2.176812e-01	3.012397e+01	3.832807e-02	4.876218e+01	5.539209e-02	9.714472e+01	1.076865e-01	1.391049e+02	4.648387e-01	6.802087e+02	1.311429e-03	2.022148e+03	6.767288e-04	2.687680e+03	
0	0	316	2.288875e-04	3.398183e+02	4.682380e-03	4.932612e-01	1.280090e-01	2.936480e+00	2.541791e-01	2.944861e+01	4.483574e-02	5.138108e+01	6.342112e-02	9.198963e+01	1.247516e-01	1.424484e+02	3.779667e-01	7.879323e+02	9.264544e-04	2.267674e+03	6.395068e-04	2.331200e+03	
0	0	317	1.884791e-04	2.885530e+02	5.617904e-03	4.872020e-01	1.538962e-01	2.982182e+00	3.057411e-01	2.983540e+01	5.344816e-02	4.923760e+01	7.510001e-02	8.908487e+01	1.466373e-01	1.405386e+02	2.576346e-01	9.426622e+02	8.541940e-04	2.453076e+03	5.909309e-04	2.080295e+03	
0	0	318	1.589831e-04	1.909181e+02	6.596032e-03	4.936479e-01	1.801436e-01	2.943632e+00	3.565866e-01	2.924027e+01	6.292522e-02	4.861919e+01	8.663065e-02	8.021886e+01	1.694360e-01	1.419349e+02	1.358529e-01	1.040642e+03	9.119439e-04	2.142603e+03	5.030255e-04	1.150090e+03	
0	0	319	1.428242e-04	1.138128e+02	7.282388e-03	4.910581e-01	1.981414e-01	2.906670e+00	3.913410e-01	2.843420e+01	6.918224e-02	4.731846e+01	9.512527e-02	7.934757e+01	1.825288e-01	1.386049e+02	5.462941e-02	1.141721e+03	8.135389e-04	2.338424e+03	6.719687e-04	1.670256e+03	
0	0	320	1.357081e-04	7.714747e+01	7.607629e-03	4.871055e-01	2.055645e-01	2.922183e+00	4.068220e-01	2.798161e+01	7.216878e-02	5.219265e+01	9.947566e-02	8.852908e+01	1.875040e-01	1.409621e+02	1.855125e-02	1.183422e+03	1.291732e-03	2.232270e+03	7.355422e-04	1.298954e+03	
0	0	321	1.318604e-04	6.467460e+01	7.688123e-03	4.903320e-01	2.094135e-01	2.868666e+00	4.133954e-01	2.703060e+01	7.325894e-02	5.019102e+01	9.948758e-02	8.674572e+01	1.883343e-01	1.464040e+02	6.362717e-03	1.327261e+03	1.051883e-03	2.364570e+03	6.684657e-04	1.758382e+03	
0	0	322	1.294045e-04	5.838088e+01	7.763237e-03	4.932557e-01	2.106373e-01	2.785635e+00	4.181119e-01	2.801348e+01	7.339889e-02	4.953106e+01	9.934606e-02	8.268710e+01	1.857754e-01	1.416259e+02	3.075984e-03	1.053410e+03	9.981666e-04	3.035939e+03	5.910631e-04	1.716191e+03	
0	0	323	1.272401e-04	5.793579e+01	7.823393e-03	4.856468e-01	2.116686e-01	2.839504e+00	4.185006e-01	2.640217e+01	7.367041e-02	4.414559e+01	9.977980e-02	8.682906e+01	1.838662e-01	1.437697e+02	2.769634e-03	1.249670e+03	8.277830e-04	2.358082e+03	6.064599e-04	1.374518e+03	
0	0	324	1.256810e-04	5.816769e+01	7.827397e-03	4.886626e-01	2.124768e-01	2.849457e+00	4.204788e-01	2.699389e+01	7.423104e-02	4.914537e+01	9.937258e-02	9.191776e+01	1.804614e-01	1.386057e+02	2.759551e-03	1.277755e+03	1.281415e-03	1.953041e+03	6.274959e-04	1.624615e+03	
0	0	325	1.237610e-04	5.746834e+01	7.881882e-03	4.951678e-01	2.131881e-01	2.791262e+00	4.229378e-01	2.581145e+01	7.460514e-02	4.681043e+01	9.797294e-02	8.426589e+01	1.782620e-01	1.393143e+02	2.718235e-03	1.377244e+03	1.300772e-03	2.329088e+03	6.571235e-04	1.960989e+03	
0	0	326	1.224078e-04	5.565650e+01	7.889973e-03	4.852120e-01	2.135679e-01	2.764845e+00	4.257833e-01	2.667157e+01	7.498225e-02	4.809736e+01	9.718818e-02	8.769576e+01	1.763472e-01	1.360908e+02	2.233965e-03	1.536235e+03	1.030929e-03	2.575576e+03	5.941086e-04	1.302980e+03	
0	0	327	1.211657e-04	5.750166e+01	7.910340e-03	4.900265e-01	2.144397e-01	2.812889e+00	4.278272e-01	2.764964e+01	7.446100e-02	4.799571e+01	9.607611e-02	8.523484e+01	1.746185e-01	1.422075e+02	2.287558e-03	1.590739e+03	1.263424e-03	2.371027e+03	7.155659e-04	1.544130e+03	
0	0	328	1.192265e-04	5.601894e+01	7.986193e-03	4.955206e-01	2.160761e-01	2.818621e+00	4.287152e-01	2.644474e+01	7.451151e-02	4.654114e+01	9.632351e-02	8.013686e+01	1.719924e-01	1.443389e+02	2.200697e-03	1.412163e+03	1.053217e-03	2.615763e+03	7.205692e-04	1.787773e+03	
0	0	329	1.179381e-04	5.728803e+01	7.974283e-03	4.844499e-01	2.160638e-01	2.814604e+00	4.306421e-01	2.685539e+01	7.460670e-02	5.016084e+01	9.619199e-02	8.627256e+01	1.701649e-01	1.466132e+02	2.266864e-03	1.419061e+03	1.057703e-03	2.493786e+03	6.682975e-04	1.700118e+03	
0	0	330	1.163699e-04	5.738295e+01	7.994966e-03	4.840063e-01	2.169323e-01	2.796009e+00	4.331256e-01	2.689637e+01	7.404464e-02	4.329468e+01	9.619823e-02	9.013319e+01	1.675125e-01	1.535978e+02	2.161183e-03	1.592267e+03	1.035881e-03	2.237145e+03	6.566348e-04	1.770265e+03	
0	0	331	1.148776e-04	5.778445e+01	7.999938e-03	4.962627e-01	2.183027e-01	2.776204e+00	4.357293e-01	2.730743e+01	7.496263e-02	4.397906e+01	9.484290e-02	8.956268e+01	1.638396e-01	1.532926e+02	2.174065e-03	1.595647e+03	1.132564e-03	2.535334e+03	6.689413e-04	1.786857e+03	
0	0	332	1.130578e-04	5.510587e+01	8.064273e-03	4.892151e-01	2.192085e-01	2.810429e+00	4.370924e-01	2.653301e+01	7.568183e-02	4.783933e+01	9.432022e-02	8.184890e+01	1.612472e-01	1.459973e+02	2.427224e-03	1.615587e+03	9.468400e-04	2.745533e+03	7.102418e-04	1.617820e+03	
0	0	333	1.115454e-04	5.453142e+01	8.102605e-03	4.869993e-01	2.203064e-01	2.739992e+00	4.382442e-01	2.564494e+01	7.605624e-02	4.764464e+01	9.391711e-02	8.133632e+01	1.591705e-01	1.469838e+02	2.026425e-03	1.768295e+03	9.320669e-04	2.675459e+03	8.491680e-04	1.667918e+03	
0	0	334	1.103521e-04	5.444454e+01	8.101245e-03	4.953840e-01	2.208028e-01	2.774443e+00	4.406526e-01	2.685089e+01	7.616499e-02	4.758318e+01	9.364089e-02	8.469314e+01	1.565664e-01	1.456814e+02	2.044498e-03	1.503730e+03	7.526141e-04	2.368236e+03	8.577104e-04	2.070031e+03	
0	0	335	1.088799e-04	5.506592e+01	8.141340e-03	4.867610e-01	2.213728e-01	2.739117e+00	4.424263e-01	2.616919e+01	7.629701e-02	4.756370e+01	9.316225e-02	8.471491e+01	1.544544e-01	1.540077e+02	1.947981e-03	1.459163e+03	1.005222e-03	2.460058e+03	8.455758e-04	1.819360e+03	
0	0	336	1.074642e-04	5.313237e+01	8.147564e-03	4.883814e-01	2.221929e-01	2.722631e+00	4.449897e-01	2.628785e+01	7.651593e-02	4.586779e+01	9.277850e-02	8.591518e+01	1.513351e-01	1.426030e+02	1.867462e-03	1.437202e+03	9.905624e-04	2.629683e+03	6.576749e-04	1.860483e+03	
0	0	337	1.063601e-04	5.423884e+01	8.128292e-03	4.840695e-01	2.230145e-01	2.763011e+00	4.460749e-01	2.617131e+01	7.694951e-02	5.037631e+01	9.233523e-02	8.491904e+01	1.498787e-01	1.583923e+02	1.796765e-03	1.664368e+03	8.860730e-04	2.650568e+03	6.241393e-04	1.344191e+03	
0	0	338	1.047876e-04	5.343396e+01	8.173926e-03	5.031521e-01	2.234655e-01	2.673441e+00	4.485939e-01	2.587469e+01	7.696405e-02	4.766603e+01	9.233971e-02	9.276013e+01	1.466210e-01	1.467709e+02	1.740627e-03	1.730977e+03	1.106692e-03	2.576728e+03	6.391574e-04	1.798485e+03	
0	0	339	1.034979e-04	4.942392e+01	8.211819e-03	4.859518e-01	2.251581e-01	2.747387e+00	4.504315e-01	2.651214e+01	7.652140e-02	4.401398e+01	9.063020e-02	8.331524e+01	1.454034e-01	1.375697e+02	1.891528e-03	1.528322e+03	8.246217e-04	2.291899e+03	5.775539e-04	1.014678e+03	
0	0	340	1.026569e-04	5.574609e+01	8.177283e-03	5.021384e-01	2.240023e-01	2.651551e+00	4.514860e-01	2.647270e+01	7.676556e-02	4.421251e+01	9.054042e-02	8.880646e+01	1.447153e-01	1.611960e+02	2.042366e-03	1.513134e+03	1.170046e-03	2.621952e+03	6.561892e-04	1.216699e+03	
0	0	341	1.013958e-04	5.517814e+01	8.233261e-03	4.844649e-01	2.259691e-01	2.741913e+00	4.535662e-01	2.660384e+01	7.724291e-02	4.777131e+01	8.976280e-02	8.516826e+01	1.403593e-01	1.543109e+02	2.205573e-03	1.662045e+03	1.245959e-03	2.448685e+03	9.805375e-04	1.737427e+03	
0	0	342	1.002609e-04	5.242490e+01	8.234366e-03	4.843242e-01	2.266976e-01	2.764292e+00	4.538924e-01	2.588386e+01	7.775637e-02	4.974426e+01	8.920963e-02	8.587354e+01	1.398535e-01	1.437934e+02	1.980188e-03	1.782181e+03	1.193457e-03	2.237633e+03	8.499448e-04	1.865605e+03	
0	0	343	9.915652e-05	5.478490e+01	8.210921e-03	4.840283e-01	2.268899e-01	2.731657e+00	4.551292e-01	2.591154e+01	7.723458e-02	4.820745e+01	8.926777e-02	8.725321e+01	1.396116e-01	1.755092e+02	1.940995e-03	1.790686e+03	8.128382e-04	2.226688e+03	6.187992e-04	1.172581e+03	
0	0	344	9.760714e-05	5.627416e+01	8.315882e-03	4.884461e-01	2.279937e-01	2.715828e+00	4.579836e-01	2.581056e+01	7.816156e-02	5.234427e+01	8.894638e-02	8.455261e+01	1.346798e-01	1.754014e+02	1.923587e-03	1.865461e+03	1.043712e-03	3.115368e+03	6.144877e-04	1.184945e+03	
0	0	345	9.628807e-05	5.290775e+01	8.394391e-03	4.879360e-01	2.290678e-01	2.654398e+00	4.605955e-01	2.540934e+01	7.752616e-02	4.663605e+01	8.961794e-02	9.412298e+01	1.310856e-01	1.663207e+02	1.758632e-03	1.472829e+03	8.852004e-04	2.254350e+03	6.638569e-04	1.981480e+03	
0	0	346	9.513571e-05	5.454517e+01	8.363929e-03	4.918438e-01	2.302163e-01	2.687520e+00	4.631635e-01	2.624851e+01	7.729945e-02	4.545430e+01	8.919476e-02	9.661616e+01	1.278651e-01	1.722196e+02	1.854200e-03	1.702784e+03	1.041827e-03	2.831246e+03	7.454133e-04	1.964311e+03	
0	0	347	9.390183e-05	5.368812e+01	8.377336e-03	4.876942e-01	2.306635e-01	2.653040e+00	4.657606e-01	2.602116e+01	7.751510e-02	4.820704e+01	8.776536e-02	8.661445e+01	1.257902e-01	1.679852e+02	1.947073e-03	1.703030e+03	1.059646e-03	2.537000e+03	7.822185e-04	1.920118e+03	
0	0	348	9.258652e-05	5.280453e+01	8.475779e-03	4.869666e-01	2.318379e-01	2.620322e+00	4.689852e-01	2.610996e+01	7.742776e-02	4.465652e+01	8.753341e-02	8.940257e+01	1.214519e-01	1.652860e+02	1.958240e-03	1.654877e+03	1.134766e-03	2.552343e+03	8.893620e-04	2.056064e+03	
0	0	349	9.134369e-05	5.260862e+01	8.172507e-03	4.866376e-01	2.324586e-01	2.649172e+00	4.703766e-01	2.565742e+01	7.817494e-02	4.588572e+01	8.738165e-02	9.128747e+01	1.192752e-01	1.629484e+02	2.051378e-03	1.827085e+03	1.075391e-03	2.791225e+03	6.929241e-04	1.631489e+03	
0	0	350	0.000000e+00	0.000000e+00	-nan(ind)	0.000000e+00	-nan(ind)	0.000000e+00	-nan(ind)	0.000000e+00	-nan(ind)	0.000000e+00	-nan(ind)	0.000000e+00	-nan(ind)	0.000000e+00	-nan(ind)	0.000000e+00	-nan(ind)	0.000000e+00	-nan(ind)	0.000000e+00	
